NACA4412 (smoothed and rotated)
1000000
0
-3.1415926535897931	0	0.0001
-3.0836477224235814	0.18177510817172191	0.0001
-3.0257027912573697	0.36355021634344381	0.0001
-2.9677578600911581	0.54532532451516569	0.0001
-2.9098129289249464	0.72710043268688762	0.020281626647543759
-2.8518679977587342	0.70482678662121701	0.057978763642705052
-2.7939230665925225	0.65796204461098662	0.10302472599396829
-2.7359781354263109	0.63090691202740812	0.1548240833696404
-2.6780332042600992	0.61437742016144614	0.21269234958756728
-2.6200882730938875	0.60306110524939238	0.27586513030282772
-2.5621433419276758	0.59366627838597208	0.34350833763336702
-2.5041984107614641	0.58403773344856191	0.4147293348243794
-2.4462534795952524	0.57271623399774718	0.48858886159192183
-2.3883085484290407	0.55870226551055335	0.56411358032913506
-2.3303636172628286	0.54132138587298539	0.64030907504478562
-2.2724186860966169	0.52014325437731024	0.71617312884510775
-2.2144737549304052	0.49493037977874199	0.79070910204736489
-2.1565288237641935	0.46560391135170343	0.86293923167700515
-2.0985838925979818	0.43221944605003992	0.93191767416772331
-2.0406389614317701	0.39494880506815688	0.99674311654071335
-1.9826940302655582	0.35406537859702075	1.0565707871395464
-1.9247490990993465	0.30993158366765811	1.1106237050625574
-1.8668041679331349	0.26298754426871257	1.1582030176571476
-1.8088592367669232	0.2137404510796046	1.1986972876828337
-1.7509143056007113	0.16275427990161653	1.2315906058479289
-1.6929693744344996	0.11063969346075117	1.2564694201892879
-1.6350244432682879	0.058044049754533547	1.2730279909840403
-1.5770795121020762	0.0056415088454153063	1.281072398325706
-1.5191345809358645	-0.066628047128058296	1.2755000753860279
-1.4611896497696526	-0.14178769014531931	1.2607753922062219
-1.4032447186034409	-0.21646620269533606	1.2376788053657364
-1.3452997874372292	-0.28986062909710619	1.2077257098160941
-1.2873548562710175	-0.36276383031436094	1.1801245221857035
-1.2294099251048056	-0.43455775540786756	1.1482109575002051
-1.1714649939385939	-0.50410943708712741	1.109166032577158
-1.1135200627723822	-0.57038743651819168	1.0625977018518113
-1.0555751316061706	-0.63247842640464125	1.0088438391507206
-0.99763020043995876	-0.68960403264209347	0.94856549319623351
-0.93968526927374707	-0.74113851409429043	0.88260681941922392
-0.88174033810753527	-0.78662828454189559	0.81193127269013288
-0.82379540694132358	-0.82581495729116261	0.7375844726577816
-0.76585047577511178	-0.85866471007968936	0.66066784736423145
-0.70790554460890009	-0.88540868486076685	0.58231720992875702
-0.6499606134426883	-0.90660256542502626	0.50368390670377605
-0.59201568227647661	-0.92321989397134496	0.42591749052448158
-0.53407075111026481	-0.93680633897735044	0.35014933048916286
-0.47612581994405312	-0.94183853623645319	0.27211645271157792
-0.41818088877784138	-0.95092217337264817	0.20009250267355078
-0.36023595761162963	-0.97262807333819778	0.1360152872952908
-0.30229102644541789	-1.018236105540939	0.080276109602521933
-0.24434609527920614	-1.1091868584364217	0.03319564351340791
-0.23998277214922031	-1.0795674044162284	0.031921169311242628
-0.23561944901923448	-1.050068815267734	0.030706262347934173
-0.23125612588924865	-1.0206839535797563	0.029548808684850922
-0.22689280275926285	-0.99140591521788812	0.028446731040026679
-0.22252947962927699	-0.9622280293244958	0.027397989026517147
-0.21816615649929119	-0.93314385831872115	0.026400579387569078
-0.21380283336930536	-0.90414719789647968	0.025452536228699855
-0.20943951023931953	-0.87523207703046157	0.02455193124678301
-0.20507618710933373	-0.84639275797013214	0.023696873956232881
-0.20071286397934787	-0.8176237362417299	0.022885511912379364
-0.19634954084936207	-0.78891974064826875	0.022116030932121576
-0.19198621771937624	-0.7602757332695369	0.021386655311947108
-0.18762289458939041	-0.73168690946209702	0.020695648043401831
-0.18325957145940461	-0.70314869785928613	0.020041311026092846
-0.17889624832941875	-0.67465676037121547	0.019421985278305735
-0.17453292519943295	-0.64620699218477173	0.018836051145315301
-0.17016960206944712	-0.61779552176361474	0.018281928505467074
-0.16580627893946129	-0.58941871084817965	0.017758076974105676
-0.16144295580947549	-0.56107315445567629	0.017262996105423985
-0.15707963267948966	-0.53275568088008807	0.016795225592305861
-0.15271630954950383	-0.50446335169217338	0.016353345464233587
-0.14835298641951802	-0.47619346173946542	0.015935976283329711
-0.14398966328953219	-0.44794353914627094	0.015541779338601583
-0.13962634015954636	-0.41971134531367205	0.015169456838455697
-0.13526301702956053	-0.39149487491952484	0.014817752101547427
-0.1308996938995747	-0.36329235591846004	0.014485449746030698
-0.1265363707695889	-0.33510224954188317	0.014171375877270853
-0.12217304763960307	-0.30692325029797324	0.013874398274082883
-0.11780972450961724	-0.27875428597168472	0.01359342657355608
-0.11344640137963143	-0.25059451762474616	0.013327412454525013
-0.10471975511965977	-0.19430037949970536	0.012836274976836594
-0.10035643198967394	-0.1661654982289327	0.01260926681803631
-0.09599310885968812	-0.13803878995216892	0.012393446998842976
-0.087266462599716474	-0.081811435439846078	0.011992073881960556
-0.082903139469730644	-0.053712143925812222	0.011804979304665213
-0.078539816339744828	-0.025623734848837815	0.011625990858048496
-0.074176493209759012	0.0024525312383784671	0.01145444665796411
-0.069813170079773182	0.030515160506363485	0.011289728634797979
-0.065449846949787352	0.058562425848869393	0.011131262705747488
-0.061086523819801536	0.086592366882873903	0.010978518946399117
-0.056723200689815713	0.11460278994858047	0.010831011761654189
-0.052359877559829883	0.14259126810941811	0.010688300056052012
-0.04799655442984406	0.1705551411520409	0.010549987403539005
-0.043633231299858237	0.19849151558632902	0.010415722216732164
-0.039269908169872414	0.22639726464538787	0.010285197915724473
-0.034906585039886591	0.25426902828554854	0.010158153096479728
-0.030543261909900768	0.28210321318636739	0.010034371698863591
-0.026179938779914941	0.30989599275062651	0.0099136831743574707
-0.021816615649929118	0.33764330710433371	0.0097959626535014752
-0.017453292519943295	0.36534086309672187	0.0096811311131122461
-0.013089969389957471	0.39298413430024975	0.009569155543321356
-0.0087266462599716477	0.42056836101060163	0.0094600491144795611
-0.0043633231299858239	0.44808855024668709	0.0093538713439720311
0	0.47553947575064143	0.0092507282629894355
0.0043633231299858239	0.50291567798782533	0.0091507725832995872
0.0087266462599716477	0.53021146414682552	0.0090542038640642093
0.013089969389957471	0.55742090813945333	0.0089612686787451917
0.017453292519943295	0.58453785060074637	0.0088722607821446909
0.021816615649929118	0.61155589888896777	0.0087875212776232225
0.026179938779914941	0.63846842708560547	0.0087074387845399448
0.030543261909900768	0.66526857599537392	0.0086324496059592311
0.034906585039886591	0.69194925314621236	0.0085630378966676263
0.039269908169872414	0.7185031327892859	0.0084997358315453148
0.043633231299858237	0.74492265589898521	0.0084431237743362447
0.04799655442984406	0.77120003017292627	0.008393830446861119
0.056723200689815713	0.82329599662012587	0.0083199576775117943
0.061086523819801536	0.84909783780474435	0.0082968789996665741
0.065449846949787352	0.87472402817632422	0.008284120921849724
0.069813170079773182	0.90016560904860943	0.008282556513068506
0.074176493209759012	0.92541338845856935	0.0082931082274746784
0.078539816339744828	0.95045794116639859	0.0083167480779256491
0.082903139469730644	0.97528960865551773	0.0083544978103472656
0.087266462599716474	0.99989849913257256	0.008407429078944071
0.091629785729702304	1.0242744875274343	0.0084766636223032044
0.09599310885968812	1.0484072154932	0.0085633734404384036
0.10035643198967394	1.0722860914061922	0.0086687809728209445
0.10471975511965977	1.0959002903659589	0.0087941592774447245
0.1090830782496456	1.1192387541952742	0.0089408322109730976
0.11344640137963143	1.1422901914401367	0.0091101746100155211
0.11780972450961724	1.1650430773697706	0.0093036124735824885
0.12217304763960307	1.1874856539766268	0.0095226231467677724
0.1265363707695889	1.2096059299763802	0.0097687355057074123
0.1308996938995747	1.2313916808079324	0.010043530143865505
0.13526301702956053	1.2528304486334103	0.010348639559697427
0.13962634015954636	1.2739095423381661	0.010685748345741581
0.14398966328953219	1.2946160375307776	0.011056593379191564
0.14835298641951802	1.314936776543048	0.011462964014001136
0.15271630954950383	1.3348583684300066	0.011906702274575172
0.15707963267948966	1.3543671889699072	0.012389703051100404
0.16144295580947549	1.3734493806642298	0.012913914296570513
0.16580627893946129	1.3920908527376799	0.013481337225560946
0.17016960206944712	1.410277281138189	0.014094026514809597
0.17453292519943295	1.427994108536913	0.014754090505660258
0.17889624832941875	1.4452265443282346	0.015463691408426785
0.18325957145940461	1.4619595646297607	0.016225045508736609
0.18762289458939041	1.4781779122823249	0.017040423375913279
0.19198621771937624	1.4938660968499857	0.01791215007345872
0.19634954084936207	1.5090083946200272	0.018842605371696741
0.20071286397934787	1.5235888486029587	0.019834223962640493
0.20507618710933373	1.5375912685325166	0.020889495677147686
0.20943951023931953	1.5509992308656608	0.022010965704428179
0.21380283336930536	1.563796078782578	0.023201234813970267
0.21816615649929119	1.5759649221866798	0.02446295957995253
0.22252947962927699	1.5874886377046034	0.025798852608209844
0.22689280275926285	1.5983498686862123	0.027211682765823156
0.23125612588924865	1.6085310252045946	0.028704275413404003
0.23561944901923448	1.6180142840560638	0.030279512640146198
0.23998277214922031	1.6267815887601602	0.031940333501718286
0.24434609527920614	1.6348146495596487	0.033689734261072045
0.24870941840919195	1.6420949434205196	0.035530768632243838
0.2530727415391778	1.6486037140319889	0.037466548027226695
0.25743606466916358	1.6543219718064983	0.039500241805993187
0.26179938779914941	1.6592304938797153	0.041635077529750743
0.26616271092913524	1.6633098241105324	0.043874341217511818
0.27052603405912107	1.6665402730810674	0.046221377606064706
0.2748893571891069	1.6689019180966651	0.048679590413431048
0.27925268031909273	1.6703746031858935	0.051252442605898785
0.28361600344907856	1.6709379391005486	0.053943456668721058
0.28797932657906439	1.67057130331565	0.056756214880573364
0.29234264970905016	1.6692538400294434	0.059694359591863574
0.29670597283903605	1.6669644601634013	0.062761593506991384
0.30106929596902182	1.6636818413622194	0.065961679970655288
0.30543261909900765	1.6593844279938208	0.069298443258309639
0.30979594222899348	1.6540504311493536	0.072775768870872934
0.31415926535897931	1.6476578286431913	0.076397603833794542
0.31852258848896514	1.6401843650129329	0.0801679570005875
0.32288591161895097	1.6316075515194028	0.084090899360937554
0.3272492347489368	1.6219046661466512	0.088170564353502193
0.38353610312575392	1.3890225271601839	0.14369236797476279
0.43982297150257105	1.3039265154975013	0.20457546558556583
0.49610983987938817	1.2423962895472174	0.27239558643321143
0.55239670825620535	1.1900124234552649	0.34419329655616554
0.60868357663302242	1.1390486070538828	0.41734694292969543
0.66497044500983959	1.0900769377806561	0.49242005539313655
0.72125731338665666	1.0407208260432348	0.5683419490683278
0.77754418176347384	0.98940621106821225	0.64405405666838611
0.83383105014029091	0.9351304585116279	0.71852216910872901
0.89011791851710809	0.87731882751418699	0.79075201965921971
0.94640478689392515	0.81573132708632323	0.85980836354771628
1.0026916552707423	0.75039948824841862	0.92483843796311993
1.0589785236475595	0.68158130641275116	0.98510176779954228
1.1152653920243765	0.60972738460919895	1.0400101808268423
1.1715522604011936	0.53545403068491126	1.0891855669200379
1.2278391287780108	0.45952067147520897	1.1325505531189939
1.284125997154828	0.38280993127290897	1.1704843863027177
1.3404128655316452	0.30630934274638638	1.2041181868845705
1.3966997339084621	0.23068073595405489	1.234590361543767
1.4529866022852793	0.15508292728033585	1.2580329468832778
1.5092734706620965	0.080138793165587321	1.2736065710653082
1.5655603390389137	0.0067202826430493787	1.2811398494908559
1.6218472074157306	-0.046436158668955639	1.2756203709218688
1.6781340757925478	-0.098745309241494814	1.2615326772246527
1.734420944169365	-0.151623644964339	1.2395365013934199
1.7907078125461822	-0.20448391744405919	1.2098846672659009
1.8469946809229991	-0.2567756672544404	1.1729271524407645
1.9032815492998163	-0.30799489391249057	1.1291067381949715
1.9595684176766335	-0.35769424837543545	1.0789534835497925
2.0158552860534504	-0.40549391397498674	1.0230780931892565
2.0721421544302676	-0.45109346915094173	0.96216426294202184
2.1284290228070848	-0.49428521115268076	0.89696009948592748
2.184715891183902	-0.53496969859110943	0.82826872265987095
2.2410027595607191	-0.5731747004183293	0.75693816912171019
2.2972896279375363	-0.6090794201061126	0.68385072494248633
2.3535764963143535	-0.64304697590595516	0.60991182196436522
2.4098633646911707	-0.67566999231177705	0.53603863828062348
2.4661502330679874	-0.70783742904556124	0.4631485469507447
2.5224371014448046	-0.74083671177098587	0.39214755899464693
2.5787239698216218	-0.77651649982312088	0.32391890679280416
2.635010838198439	-0.81755795623199634	0.25931191225240785
2.6912977065752561	-0.86795024792975961	0.19913128050614851
2.7475845749520733	-0.93387538901264333	0.14412695453506724
2.8038714433288905	-1.0254809851300035	0.09498465901828107
2.8601583117057077	-1.160785063892505	0.052317252999917283
2.9164451800825244	-0.94113845999832035	0.016657000737545634
2.9727320484593416	-0.70585384499874027	0.0001
3.0290189168361588	-0.47056922999916018	0.0001
3.0853057852129759	-0.23528461499958009	0.0001
3.1415926535897931	0	0.0001
