8.432617601622968695e-02 2.813153680310606294e-02 0.000000000000000000e+00 9.564269076324886931e-02 2.465326992048730292e-02 0.000000000000000000e+00 0.000000000000000000e+00
8.307248957075373530e-02 2.871802707126179521e-02 8.267558967902093048e-02 9.467611483088911317e-02 2.590562505903938606e-02 1.044530264934098313e-01 2.858081941209255836e-02
8.166427888787311518e-02 2.927683581132852972e-02 1.594456465414832991e-01 9.343551070641098466e-02 2.711236864110422307e-02 1.969922653034429649e-01 5.716163882418511671e-02
8.009817197972519953e-02 2.979991279360028750e-02 2.304642370379244298e-01 9.191259534716847424e-02 2.825174674612513856e-02 2.789495438551379269e-01 8.574245823627765772e-02
7.838012288941008376e-02 3.028150705865912881e-02 2.959123710006059671e-01 9.011704223755767629e-02 2.930783206588562576e-02 3.515263639225750247e-01 1.143232776483702334e-01
7.651236575859950151e-02 3.071686169171742795e-02 3.559585823717396069e-01 8.806782281467177842e-02 3.026932597463446659e-02 4.157757827167302134e-01 1.429040970604627536e-01
7.444199871350691555e-02 3.107423576294082029e-02 4.108123536431481093e-01 8.577082141604304433e-02 3.112168734775622170e-02 4.726094052022228320e-01 1.714849164725553154e-01
7.218769694746886290e-02 3.134573466576592166e-02 4.607416245179400405e-01 8.322073225714883560e-02 3.184484943434835735e-02 5.228354768707808020e-01 2.000657358846477663e-01
6.977456257578758259e-02 3.153041346000343831e-02 5.059785657593135477e-01 8.041314236095653545e-02 3.241745619220628288e-02 5.671693637034815882e-01 2.286465552967404669e-01
6.717441332262608089e-02 3.160772268684549496e-02 5.466732974652547261e-01 7.734743794232185055e-02 3.281908544761084207e-02 6.062289101296766125e-01 2.572273747088330564e-01
6.430761589149912305e-02 3.152057301943948786e-02 5.830999187367670311e-01 7.402574699726402474e-02 3.302934431701831652e-02 6.405566173119391360e-01 2.858081941209255072e-01
6.117564929035087390e-02 3.123952098852333589e-02 6.156609136132725757e-01 7.046390856079885745e-02 3.303396077446595774e-02 6.706152753936146516e-01 3.143890135330179580e-01
5.782931792396970444e-02 3.076784441082150781e-02 6.446246686276717597e-01 6.668499571195787845e-02 3.282254028050536621e-02 6.968059645541696545e-01 3.429698329451106309e-01
5.432265873173788839e-02 3.011890086506149866e-02 6.701313364648147086e-01 6.270976714892308179e-02 3.238649263513411480e-02 7.194312504242620365e-01 3.715506523572030262e-01
5.069962700720955645e-02 2.930500600436477740e-02 6.922542984474238104e-01 5.853893356292830252e-02 3.171077534832698192e-02 7.386533247783015899e-01 4.001314717692955325e-01
4.698935864833638648e-02 2.833638304281112588e-02 7.109205002218159652e-01 5.418867073196260292e-02 3.078930788238565947e-02 7.545265153187815654e-01 4.287122911813882054e-01
4.320569309896695603e-02 2.721657346308909570e-02 7.259424416291450077e-01 4.970723619666266718e-02 2.963674672406982347e-02 7.669794822964053349e-01 4.572931105934809337e-01
3.935469158656119959e-02 2.594586088432018073e-02 7.369737604997096403e-01 4.514806084036822320e-02 2.827548096827026819e-02 7.758052206877237289e-01 4.858739300055733845e-01
3.544005631603159429e-02 2.452682583514971884e-02 7.433617955276974332e-01 4.054901494347003948e-02 2.672826261958980223e-02 7.804709800549035625e-01 5.144547494176661129e-01
3.146746830176958692e-02 2.296286584431695907e-02 7.441560066908154969e-01 3.592540009227984665e-02 2.500801583526709310e-02 7.801006766412856841e-01 5.430355688297581196e-01
2.747619821741964508e-02 2.127890241581988431e-02 7.380947043575908362e-01 3.128815249106812330e-02 2.313053136491850792e-02 7.732127048680820236e-01 5.716163882418510145e-01
2.340672570569942226e-02 1.945597426181506703e-02 7.220739100408307687e-01 2.664099744101411024e-02 2.110930989561316667e-02 7.574786836842767324e-01 6.001972076539434653e-01
1.926724513420772361e-02 1.751337914510217933e-02 6.917465945384311254e-01 2.196802667785180407e-02 1.895214770650785474e-02 7.288362610370827666e-01 6.287780270660359161e-01
1.506568321399172003e-02 1.546990802363864929e-02 6.401822249894091321e-01 1.724822265756697712e-02 1.666604349194991674e-02 6.803217425571227439e-01 6.573588464781287000e-01
1.080132529908886529e-02 1.335031436013767690e-02 5.549725097823242637e-01 1.246801857678559583e-02 1.427246073391889337e-02 5.992175180099529319e-01 6.859396658902212618e-01
6.499132092023417011e-03 1.119025944255276281e-02 4.149826052091121209e-01 7.624534849021205422e-03 1.180200105554035997e-02 4.616070033284370711e-01 7.145204853023134905e-01
2.204867098149660819e-03 9.047324252295155939e-03 1.810965951553283326e-01 2.780152664607012363e-03 9.326543860554451990e-03 2.215113233008360050e-01 7.431013047144060524e-01
-2.197055944057277506e-03 6.825766327497661407e-03 -2.483865864122567491e-01 -2.049833429898485770e-03 6.871456561284919329e-03 -2.302015302260428664e-01 7.716821241264989473e-01
-6.987830730446659318e-03 4.239410904050507078e-03 -1.319075247920352023e+00 -7.296361590168391927e-03 4.039240716460836336e-03 -1.445570643877394090e+00 8.002629435385910650e-01
-1.241715581693271335e-02 1.006408893961436863e-03 -1.022634260706944787e+01 -1.339755465548603947e-02 3.775970504241028510e-04 -2.940827954698896107e+01 8.288437629506835158e-01
