9.782228341896920254e-02 4.311971221339016419e-02 0.000000000000000000e+00 9.015711662853276298e-02 3.444808960971738887e-02 0.000000000000000000e+00 0.000000000000000000e+00
9.892625909499297432e-02 4.446581486724678067e-02 5.799023186533674296e-02 9.195779424863567697e-02 3.568869552877309420e-02 6.716258225964405471e-02 2.606570730382839693e-02
9.960945106454251186e-02 4.568073591013881163e-02 1.136755240218061264e-01 9.393342542453789190e-02 3.710349733523379129e-02 1.319789965371775953e-01 5.213141460765679386e-02
9.988827136078816393e-02 4.676086759705605500e-02 1.670408556238769660e-01 9.605678415940077652e-02 3.869798261792217753e-02 1.941022129112010830e-01 7.819712191148518732e-02
9.958336989048402477e-02 4.760178944013075675e-02 2.181187726279815997e-01 9.837746171541582318e-02 4.049833502703691773e-02 2.532724489197582529e-01 1.042628292153135877e-01
9.883379862030611251e-02 4.825524177776834706e-02 2.669319198965536821e-01 1.009091088203698944e-01 4.252526996342770316e-02 3.092593294603417364e-01 1.303285365191420020e-01
9.772245152075628716e-02 4.875326440114726573e-02 3.134811401419904664e-01 1.034615762963850549e-01 4.472550876009064036e-02 3.617800096226991835e-01 1.563942438229703746e-01
9.631761385943450604e-02 4.912477323232921494e-02 3.577442899192195269e-01 1.058612702762650876e-01 4.703367216608097395e-02 4.106726375228212933e-01 1.824599511267987750e-01
9.466936773383678727e-02 4.939329183045295529e-02 3.996694998112753638e-01 1.076290930033282217e-01 4.923830552682349759e-02 4.558123445694889919e-01 2.085256584306271754e-01
9.282226468824013310e-02 4.957745434700574355e-02 4.392178285590921383e-01 1.083190997497858049e-01 5.110100450973536351e-02 4.972646974207315940e-01 2.345913657344555758e-01
9.081722041896309050e-02 4.970037008952286200e-02 4.762972753168659423e-01 1.078312915314878079e-01 5.250868609704227585e-02 5.352826536278301184e-01 2.606570730382840040e-01
8.859497286453693610e-02 4.973139145721106741e-02 5.107879791762934829e-01 1.062135480600473053e-01 5.341387241761566540e-02 5.701485855897954202e-01 2.867227803421122934e-01
8.604927979485112177e-02 4.959794099524392902e-02 5.426681743226973165e-01 1.036695273706327441e-01 5.386411903830656128e-02 6.020080762514438133e-01 3.127884876459407493e-01
8.332740285194778496e-02 4.937213000825350223e-02 5.718983565410629133e-01 1.005097170154008457e-01 5.397969734014240739e-02 6.309435013922394253e-01 3.388541949497692052e-01
8.040967391739563264e-02 4.904776169572146183e-02 5.982554418734937762e-01 9.695161039235482281e-02 5.385598678041157023e-02 6.569292348492483669e-01 3.649199022535975501e-01
7.698470559617109910e-02 4.842423349887320372e-02 6.215877850667133053e-01 9.300302629774795382e-02 5.348608608828493011e-02 6.798561567524172844e-01 3.909856095574258950e-01
7.305930932280450818e-02 4.748512299862360508e-02 6.416637304052580371e-01 8.864436124397243044e-02 5.284458780054312327e-02 6.995843685764073783e-01 4.170513168612543509e-01
6.867422096382082286e-02 4.622588413574170441e-02 6.583046922582208582e-01 8.376473144435510332e-02 5.184420892357080590e-02 7.159445442079952482e-01 4.431170241650826402e-01
6.396581544867359359e-02 4.471102455711786772e-02 6.712361505942538997e-01 7.834438210069440134e-02 5.044461575093069777e-02 7.286769983686458563e-01 4.691827314689111517e-01
5.901732599462554407e-02 4.298167762760123078e-02 6.800162341874443905e-01 7.244548726353110257e-02 4.865606143039376275e-02 7.373904382852929373e-01 4.952484387727394965e-01
5.388608593994813345e-02 4.106759056390125312e-02 6.840327979183991047e-01 6.622847787280859710e-02 4.655902731312455689e-02 7.415499073040473510e-01 5.213141460765680080e-01
4.861507433076895507e-02 3.899392247013119123e-02 6.824374305928567752e-01 5.978372453978057777e-02 4.419980837678161995e-02 7.403743947068653908e-01 5.473798533803965194e-01
4.322539883267360883e-02 3.677288376288658650e-02 6.740676969810754926e-01 5.318189146697352432e-02 4.161728594306192408e-02 7.327945318743309677e-01 5.734455606842245867e-01
3.772611806013026481e-02 3.441051382109282936e-02 6.572768134787879690e-01 4.647553424400072131e-02 3.884395096692628419e-02 7.172958921909544650e-01 5.995112679880530981e-01
3.211992164635234931e-02 3.190803263243814636e-02 6.297311921923390843e-01 3.968767589297541448e-02 3.589645346956877453e-02 6.916476097712489501e-01 6.255769752918814985e-01
2.641304394272222730e-02 2.926819310283373943e-02 5.880741168366634408e-01 3.282961757387582724e-02 3.278430114786393124e-02 6.525434221685580960e-01 6.516426825957098989e-01
2.061425716143506365e-02 2.648974074504948165e-02 5.273911573657830143e-01 2.590883596063229058e-02 2.951275594569807703e-02 5.949507235230201418e-01 6.777083898995384104e-01
1.473148198515790083e-02 2.356925913353204172e-02 4.398795641319966920e-01 1.892733774679001765e-02 2.607978987293516418e-02 5.107621687180099457e-01 7.037740972033664777e-01
8.779868907686842056e-03 2.050506144801249320e-02 3.125032238226268522e-01 1.189442054278230798e-02 2.248005328552509299e-02 3.861655243166314810e-01 7.298398045071951001e-01
2.777352790424354734e-03 1.729186726303924906e-02 1.214106175226618567e-01 4.820276829287030614e-03 1.870211380355213740e-02 1.948268448147813803e-01 7.559055118110233895e-01
