6.830552608701165318e-02 4.257265787908092597e-02 0.000000000000000000e+00 7.078380415182150553e-02 4.444914747576555331e-02 0.000000000000000000e+00 0.000000000000000000e+00
6.980582120841385962e-02 4.364318219203393301e-02 6.647199234352101083e-02 7.142803535051669983e-02 4.472563198983715155e-02 6.637059077340930202e-02 4.155884455329782873e-02
7.153785889522384922e-02 4.492821381207868364e-02 1.323458248279205385e-01 7.230066924280149909e-02 4.520050968489505716e-02 1.329512563069659148e-01 8.311768910659565746e-02
7.354671225857280226e-02 4.648934154222698206e-02 1.972398154564440897e-01 7.344242325315113173e-02 4.590871039729715886e-02 1.994511863989262279e-01 1.246765336598934515e-01
7.584466053818222919e-02 4.838533473337347512e-02 2.605761828349922871e-01 7.488684447852600456e-02 4.689652247033047894e-02 2.654534336305230946e-01 1.662353782131913149e-01
7.849457686327956929e-02 5.069949557952369706e-02 3.217136463439909111e-01 7.666795719401262033e-02 4.821994605564051961e-02 3.303852426098010109e-01 2.077942227664890951e-01
8.160317475763505246e-02 5.355081147228949595e-02 3.799756039061746860e-01 7.881166571497828788e-02 4.993807703493415712e-02 3.935259776395479414e-01 2.493530673197869030e-01
8.522002386590270262e-02 5.703924037536842184e-02 4.346397306406895034e-01 8.133176416466991743e-02 5.210306104029582136e-02 4.541072738673904152e-01 2.909119118730848497e-01
8.929743271564272167e-02 6.119326648340400743e-02 4.851642461340991974e-01 8.426505866008154877e-02 5.477920839307203610e-02 5.114288543931201358e-01 3.324707564263826298e-01
9.296828705973277096e-02 6.542658195937699206e-02 5.314795649008003942e-01 8.769443330607605558e-02 5.806436638908506198e-02 5.648957516873311935e-01 3.740296009796804655e-01
9.545201342475152784e-02 6.910045057539472568e-02 5.740737368840065358e-01 9.178416336716213597e-02 6.210821194921873484e-02 6.141609391281737107e-01 4.155884455329781901e-01
9.682112666407850787e-02 7.217473122358412929e-02 6.132550122073813226e-01 9.655971359357430617e-02 6.699693532430324450e-02 6.588661285346412155e-01 4.571472900862758593e-01
9.698300539346513260e-02 7.449782302510496446e-02 6.492272898928215241e-01 1.013631044934103498e-01 7.238564815798845253e-02 6.983484063946614473e-01 4.987061346395738060e-01
9.559119726749272516e-02 7.572697487333225619e-02 6.819838807654602375e-01 1.048461735666512962e-01 7.735493193062752126e-02 7.322702556475451097e-01 5.402649791928715306e-01
9.319785293370463908e-02 7.624334394488865851e-02 7.112060981745073063e-01 1.058820783680379379e-01 8.094389494124910878e-02 7.610792110633857188e-01 5.818238237461696993e-01
8.957575098777881273e-02 7.584030383154490018e-02 7.362835833268933650e-01 1.040948147056684620e-01 8.261490670248995694e-02 7.854624054838096336e-01 6.233826682994673130e-01
8.418944600715320969e-02 7.394373040535838493e-02 7.570764591851851799e-01 9.962812798566421379e-02 8.221385785818691172e-02 8.057872464730662099e-01 6.649415128527652596e-01
7.745432379561320579e-02 7.076485371419506676e-02 7.732865196790313922e-01 9.303961460987283938e-02 7.997389275977327683e-02 8.219247395177552429e-01 7.065003574060633174e-01
7.000859260799634221e-02 6.679715426715028548e-02 7.840239975970162423e-01 8.487046753355738382e-02 7.620897280727738365e-02 8.330795164189401802e-01 7.480592019593609310e-01
6.213170780765774059e-02 6.227241653776498242e-02 7.878338512176654707e-01 7.575275228373733183e-02 7.138533696893564762e-02 8.379275466931214167e-01 7.896180465126588777e-01
5.392176020601850694e-02 5.726853941775892493e-02 7.826028298347746937e-01 6.609395404647454286e-02 6.582743636834935408e-02 8.345421039215599190e-01 8.311768910659563803e-01
4.544007006999015857e-02 5.182818565264474958e-02 7.651661442464495755e-01 5.603316782110884242e-02 5.963953928429634871e-02 8.199618663102077321e-01 8.727357356192547710e-01
3.673924465808221795e-02 4.597767914166894093e-02 7.305825978518203367e-01 4.564493153181607005e-02 5.286131475692369686e-02 7.894792950911336815e-01 9.142945801725517185e-01
2.785769195996028180e-02 3.971854718336984003e-02 6.704140043680880678e-01 3.501105796577034385e-02 4.553346332955342940e-02 7.349636336170402018e-01 9.558534247258502203e-01
1.881046508246480425e-02 3.302962142152871677e-02 5.680291767397749325e-01 2.419914354507530022e-02 3.767397135887418091e-02 6.406683927209596563e-01 9.974122692791476119e-01
9.609958152566832473e-03 2.588316826860527498e-02 3.857514204613857745e-01 1.324461656679629812e-02 2.925993965748994660e-02 4.702939988177841091e-01 1.038971113832445559e+00
2.812043967462312592e-04 1.826652833012141347e-02 1.663423775020492212e-02 2.176349631398515668e-03 2.026223580023164134e-02 1.160588100855573374e-01 1.080529958385743061e+00
-9.125156783908044966e-03 1.019753662211574444e-02 -1.004089186606132778e+00 -8.942840423686700818e-03 1.068936579339932469e-02 -9.387517744117122032e-01 1.122088802939041230e+00
-1.844650586958193270e-02 1.820940786002216713e-03 -1.178799075983051381e+01 -1.984190099619307507e-02 7.875284389292955918e-04 -2.931828271165317190e+01 1.163647647492339399e+00
-2.744211648415005242e-02 -6.600732579785316759e-03 -1.000000000000000000e+00 -3.000664803335722011e-02 -8.869607778408297727e-03 -1.000000000000000000e+00 1.205206492045636901e+00
