7.961896384881630984e-02 3.005656930050529252e-02 0.000000000000000000e+00 7.408026383960561456e-02 2.459194086156650527e-02 0.000000000000000000e+00 0.000000000000000000e+00
8.041983147176423596e-02 3.112085300038699640e-02 7.385609515320257223e-02 7.630268549077082185e-02 2.585124424194529258e-02 8.435931571645365057e-02 2.858081941209255836e-02
8.102362600606403953e-02 3.217941984891842938e-02 1.439256291048438829e-01 7.871677827961724716e-02 2.731160923698244467e-02 1.647497227417159260e-01 5.716163882418511671e-02
8.141408319107153180e-02 3.321950620784383523e-02 2.101368871704362151e-01 8.113101380474932456e-02 2.893657626462615984e-02 2.404006783388704938e-01 8.574245823627765772e-02
8.151681627707717259e-02 3.420432175328087104e-02 2.724588339297088213e-01 8.326418507809525693e-02 3.064234452924050403e-02 3.106496808612285165e-01 1.143232776483702334e-01
8.122769181827872720e-02 3.507931649154786419e-02 3.309006878282100272e-01 8.484256447149582381e-02 3.231739926348969200e-02 3.751647825755148880e-01 1.429040970604627536e-01
8.037162085939560108e-02 3.574662203277456651e-02 3.855614854237339739e-01 8.572727185165895936e-02 3.387277541292815775e-02 4.340044142733847088e-01 1.714849164725553154e-01
7.897885684368742554e-02 3.619365286652037605e-02 4.365672393453461364e-01 8.606036474657988156e-02 3.531742461059988319e-02 4.875137525842733188e-01 2.000657358846477663e-01
7.726571375574801948e-02 3.651161088761747248e-02 4.838608558568743279e-01 8.583553906384872034e-02 3.661509741027652726e-02 5.360084150282645732e-01 2.286465552967404669e-01
7.526248195303890387e-02 3.672098020242386962e-02 5.272073495895744921e-01 8.484824202245735969e-02 3.764983712957907513e-02 5.796914995669308901e-01 2.572273747088330564e-01
7.274146360683259038e-02 3.668235044346512125e-02 5.667604747199496140e-01 8.303578501058581085e-02 3.835028699083324610e-02 6.188299912061054897e-01 2.858081941209255072e-01
6.985739454605134624e-02 3.647073203845963701e-02 6.021923918653404595e-01 8.043657388023410515e-02 3.869100949710099074e-02 6.535982245714556660e-01 3.143890135330179580e-01
6.663495471390830371e-02 3.609178160142760550e-02 6.332128332958262273e-01 7.716546590896822266e-02 3.869225710313713845e-02 6.839980123512797716e-01 3.429698329451106309e-01
6.287859027379327781e-02 3.542636825552663432e-02 6.594687061066308864e-01 7.333518005341714552e-02 3.838337289987127365e-02 7.098837838107626697e-01 3.715506523572030262e-01
5.855035581401901029e-02 3.440990670777261534e-02 6.808457879133802404e-01 6.887971342258569774e-02 3.770541128844212553e-02 7.309545278789949529e-01 4.001314717692955325e-01
5.388018763667153099e-02 3.314818871073928891e-02 6.968434653419525171e-01 6.383934147540541726e-02 3.665058934427081055e-02 7.467468011045873544e-01 4.287122911813882054e-01
4.902192341690424227e-02 3.172517400775042018e-02 7.066119744879887365e-01 5.833153947758390467e-02 3.525548844711625524e-02 7.566087525187206175e-01 4.572931105934809337e-01
4.401258823053567221e-02 3.015578587471298699e-02 7.091365253133514734e-01 5.245758539545492677e-02 3.355563609316443430e-02 7.595675761868435627e-01 4.858739300055733845e-01
3.887018156175217620e-02 2.844342714287387969e-02 7.030429003763833951e-01 4.635184834076373772e-02 3.161313858002667149e-02 7.543043681926367983e-01 5.144547494176661129e-01
3.360975848708255137e-02 2.658805067227238902e-02 6.864472519340127921e-01 4.010604911591918870e-02 2.947562935766643785e-02 7.388819736774447922e-01 5.430355688297581196e-01
2.823650485212851960e-02 2.458191603549719079e-02 6.565984887768636646e-01 3.374710297478499682e-02 2.714976314746775365e-02 7.105180627651865866e-01 5.716163882418510145e-01
2.275256414359274129e-02 2.241860441375739463e-02 6.091380718405221550e-01 2.730332484030315032e-02 2.464581332367775726e-02 6.649153393154534353e-01 6.001972076539434653e-01
1.716366151115781419e-02 2.008682241914969135e-02 5.372742884373005179e-01 2.077969484032877664e-02 2.195418938216424712e-02 5.951399661037356514e-01 6.287780270660359161e-01
1.147996984352388054e-02 1.757975566586817556e-02 4.292698873280887395e-01 1.417838027559251320e-02 1.906033332527998572e-02 4.889884947882905397e-01 6.573588464781287000e-01
5.713296643149083122e-03 1.488662658514774452e-02 2.632548595289770366e-01 7.507826830786007259e-03 1.594837621596539162e-02 3.229116342713049259e-01 6.859396658902212618e-01
-1.192284417025043429e-04 1.199987999869882478e-02 -7.099334663042420127e-03 7.857860856424024728e-04 1.260684991013825799e-02 4.453612593622589821e-02 7.145204853023134905e-01
-5.976512354060950494e-03 8.934820068591991030e-03 -4.970613950644812706e-01 -5.929620168899202813e-03 9.054587988837639601e-03 -4.866382092042056962e-01 7.431013047144060524e-01
-1.178053467209466687e-02 5.735666125961073544e-03 -1.584964643942661899e+00 -1.253275585793680973e-02 5.353464401080016907e-03 -1.806550475923665910e+00 7.716821241264989473e-01
-1.740203583520328473e-02 2.498140352046255251e-03 -5.574628507015913392e+00 -1.879615267026330319e-02 1.672709668354754875e-03 -8.992513612897662156e+00 8.002629435385910650e-01
-2.264356504914306206e-02 -6.177274749433792110e-04 -1.000000000000000000e+00 -2.442977364066010321e-02 -1.743499429414790752e-03 -1.000000000000000000e+00 8.288437629506835158e-01
