0.114   0.1087   0.0516   0.239
0.143   0.1067   0.0518   0.294
0.172   0.1052   0.0518   0.348
0.199   0.1028   0.0520   0.394
0.231   0.0998   0.0523   0.441
0.262   0.0969   0.0526   0.482
0.290   0.0939   0.0527   0.516
0.319   0.0908   0.0527   0.549
0.345   0.0874   0.0525   0.574
0.372   0.0836   0.0521   0.598
0.399   0.0793   0.0513   0.616
0.437   0.0716   0.0493   0.635
0.461   0.0664   0.0475   0.645
0.489   0.0596   0.0448   0.651
0.548   0.0464   0.0389   0.654
0.576   0.0402   0.0356   0.651
0.520   0.0523   0.0418   0.651
0.576   0.0402   0.0357   0.649
0.605   0.0343   0.0324   0.641
0.634   0.0286   0.0291   0.623
0.661   0.0234   0.0263   0.589
0.690   0.0179   0.0231   0.535
0.719   0.0121   0.0196   0.442
0.748   0.0059   0.0159   0.275
0.776   -0.0003   0.0119   -0.019
0.813   -0.0077   0.0066   -0.946