1.043402599962497679e-01 4.098316876366344536e-02 0.000000000000000000e+00 1.208800738966662597e-01 3.618140372188091008e-02 0.000000000000000000e+00 0.000000000000000000e+00
1.029832932317755745e-01 4.154944871742289464e-02 6.460572790796560716e-02 1.203639436224031162e-01 3.773130908091289204e-02 8.315034386080084883e-02 2.606570730382839693e-02
1.014823734414532913e-01 4.207921201691042917e-02 1.257252555755890011e-01 1.194769639242396764e-01 3.922520321877730198e-02 1.587882950576272045e-01 5.213141460765679386e-02
9.984093005530753073e-02 4.256777527267670974e-02 1.834080670009141933e-01 1.182131282436259534e-01 4.063709847573130501e-02 2.274750596754682996e-01 7.819712191148518732e-02
9.808912420514792618e-02 4.302113767801740013e-02 2.377215052150226382e-01 1.166104120328049498e-01 4.195893804992632814e-02 2.897626117237981358e-01 1.042628292153135877e-01
9.622404603106098075e-02 4.344237129321697893e-02 2.886752892132484205e-01 1.146851607982759119e-01 4.317532190021590444e-02 3.461873243665855027e-01 1.303285365191420020e-01
9.414445827622676399e-02 4.378592239678838482e-02 3.362645013803254312e-01 1.124252061143356241e-01 4.426248970457522663e-02 3.972360166417768235e-01 1.563942438229703746e-01
9.186072659804549179e-02 4.403820257361636820e-02 3.805991776692810302e-01 1.098238079804897127e-01 4.519384523588897140e-02 4.433888404956153884e-01 1.824599511267987750e-01
8.941733341475707753e-02 4.421141985582453804e-02 4.217419025724116755e-01 1.068784589191159456e-01 4.594580981364860400e-02 4.850692828911438714e-01 2.085256584306271754e-01
8.683273847996092476e-02 4.431268702808153354e-02 4.596925187039092586e-01 1.035928068784747191e-01 4.649717846137078198e-02 5.226548975671042596e-01 2.345913657344555758e-01
8.401202907338743697e-02 4.429706592679754501e-02 4.943516944093802046e-01 9.998675885019636667e-02 4.683684000410993920e-02 5.564477855933486206e-01 2.606570730382840040e-01
8.085034358076115257e-02 4.408949237298462331e-02 5.257859425320848823e-01 9.610564277865882299e-02 4.696510259727140063e-02 5.867266455341219045e-01 2.867227803421122934e-01
7.733135479374322885e-02 4.364742210144573198e-02 5.541760852984127794e-01 9.199083148824124812e-02 4.688522692287188515e-02 6.137044640059748923e-01 3.127884876459407493e-01
7.350691652121341124e-02 4.297596810057269928e-02 5.795826859035605461e-01 8.762824530932306066e-02 4.657156466302880826e-02 6.375821541319987018e-01 3.388541949497692052e-01
6.942874739920530669e-02 4.208602242350652223e-02 6.020034742070732303e-01 8.297453419788099194e-02 4.598661885800664484e-02 6.584319452256647276e-01 3.649199022535975501e-01
6.515126984769885332e-02 4.099621159823091388e-02 6.213551926330215247e-01 7.801868752359289449e-02 4.510922871978702287e-02 6.762293429526488042e-01 3.909856095574258950e-01
6.071247547746834450e-02 3.971916091786180381e-02 6.374811869804183351e-01 7.279273422356535850e-02 4.394228429252984569e-02 6.908677178402885533e-01 4.170513168612543509e-01
5.614627450639822492e-02 3.826828387644887197e-02 6.501302790988839897e-01 6.732964962935163167e-02 4.248931603509330940e-02 7.021744938702788597e-01 4.431170241650826402e-01
5.147117732931492939e-02 3.664939963037874143e-02 6.589299637877618077e-01 6.168401282334536051e-02 4.076924851126752930e-02 7.098750818627915793e-01 4.691827314689111517e-01
4.669901649709105179e-02 3.486441736179666379e-02 6.633587124777041710e-01 5.590957628257764433e-02 3.880556019435119075e-02 7.135351281547177571e-01 4.952484387727394965e-01
4.183768170019202398e-02 3.291300507582632651e-02 6.626734708395894957e-01 5.004865621012043880e-02 3.661903036614793522e-02 7.125003642526344105e-01 5.213141460765680080e-01
3.689597319266028908e-02 3.079537181200213761e-02 6.558164817693232784e-01 4.413117693186442703e-02 3.422613552475935184e-02 7.057915475439338060e-01 5.473798533803965194e-01
3.203209982761827390e-02 2.857408603459312899e-02 6.428434989417909362e-01 3.817922145910114529e-02 3.164097452387439058e-02 6.919415531775664485e-01 5.734455606842245867e-01
2.698273324011377095e-02 2.613824906494415651e-02 6.188804987805924807e-01 3.221737370711358350e-02 2.888002139026058651e-02 6.687903136010233673e-01 5.995112679880530981e-01
2.183465647187509892e-02 2.351991265260830119e-02 5.807529370521770096e-01 2.626013498862758699e-02 2.595372571146853380e-02 6.329625272136945036e-01 6.255769752918814985e-01
1.661186718627915074e-02 2.072833527505371642e-02 5.222320824392657768e-01 2.030421086194180227e-02 2.286130462467984154e-02 5.787548283566081864e-01 6.516426825957098989e-01
1.132348797002076871e-02 1.776732769146997098e-02 4.319176712147791419e-01 1.432887403890758735e-02 1.958989085190666196e-02 4.957045563649080111e-01 6.777083898995384104e-01
5.979317568017350655e-03 1.464336264103559444e-02 2.873717551412111604e-01 8.303405547168383333e-03 1.611928593319860922e-02 3.625298147132169913e-01 7.037740972033664777e-01
6.074428232592333837e-04 1.137542166209954721e-02 3.897314442891531422e-02 2.225238578512438951e-03 1.245040539654736038e-02 1.304429564658000085e-01 7.298398045071951001e-01
-4.733109322696319420e-03 8.008626730829852824e-03 -4.467411886306703050e-01 -3.887237953405023316e-03 8.603646505023430577e-03 -3.415278153262364946e-01 7.559055118110233895e-01
