1.043402599962497818e-01 4.098316876366345229e-02 0.000000000000000000e+00 1.208800738966662597e-01 3.618140372188092396e-02 0.000000000000000000e+00 0.000000000000000000e+00
1.029832932317755745e-01 4.154944871742289464e-02 6.460572790796560716e-02 1.203639436224031301e-01 3.773130908091289204e-02 8.315034386080086271e-02 2.606570730382839693e-02
1.014823734414532913e-01 4.207921201691042917e-02 1.257252555755890011e-01 1.194769639242396903e-01 3.922520321877731586e-02 1.587882950576271213e-01 5.213141460765679386e-02
9.984093005530754461e-02 4.256777527267671668e-02 1.834080670009141656e-01 1.182131282436259950e-01 4.063709847573130501e-02 2.274750596754682996e-01 7.819712191148518732e-02
9.808912420514792618e-02 4.302113767801740013e-02 2.377215052150226382e-01 1.166104120328049498e-01 4.195893804992632814e-02 2.897626117237981358e-01 1.042628292153135877e-01
9.622404603106099463e-02 4.344237129321698587e-02 2.886752892132484205e-01 1.146851607982759119e-01 4.317532190021590444e-02 3.461873243665855027e-01 1.303285365191420020e-01
9.414445827622676399e-02 4.378592239678839870e-02 3.362645013803253202e-01 1.124252061143356241e-01 4.426248970457523357e-02 3.972360166417767680e-01 1.563942438229703746e-01
9.186072659804549179e-02 4.403820257361639595e-02 3.805991776692807527e-01 1.098238079804897266e-01 4.519384523588897834e-02 4.433888404956153884e-01 1.824599511267987750e-01
8.941733341475706365e-02 4.421141985582455192e-02 4.217419025724114534e-01 1.068784589191159734e-01 4.594580981364860400e-02 4.850692828911438714e-01 2.085256584306271754e-01
8.683273847996093864e-02 4.431268702808153354e-02 4.596925187039093696e-01 1.035928068784747608e-01 4.649717846137078892e-02 5.226548975671041486e-01 2.345913657344555758e-01
8.401202907338745085e-02 4.429706592679754501e-02 4.943516944093803156e-01 9.998675885019636667e-02 4.683684000410993920e-02 5.564477855933488426e-01 2.606570730382840040e-01
8.085034358076115257e-02 4.408949237298462331e-02 5.257859425320848823e-01 9.610564277865882299e-02 4.696510259727140063e-02 5.867266455341219045e-01 2.867227803421122934e-01
7.733135479374327048e-02 4.364742210144572504e-02 5.541760852984131125e-01 9.199083148824126199e-02 4.688522692287188515e-02 6.137044640059748923e-01 3.127884876459407493e-01
7.350691652121341124e-02 4.297596810057270622e-02 5.795826859035604350e-01 8.762824530932308842e-02 4.657156466302880826e-02 6.375821541319988128e-01 3.388541949497692052e-01
6.942874739920533445e-02 4.208602242350652223e-02 6.020034742070734524e-01 8.297453419788099194e-02 4.598661885800665178e-02 6.584319452256647276e-01 3.649199022535975501e-01
6.515126984769885332e-02 4.099621159823093469e-02 6.213551926330211916e-01 7.801868752359290837e-02 4.510922871978702287e-02 6.762293429526489152e-01 3.909856095574258950e-01
6.071247547746835838e-02 3.971916091786181074e-02 6.374811869804183351e-01 7.279273422356535850e-02 4.394228429252984569e-02 6.908677178402886643e-01 4.170513168612543509e-01
5.614627450639824574e-02 3.826828387644887197e-02 6.501302790988842117e-01 6.732964962935163167e-02 4.248931603509332328e-02 7.021744938702788597e-01 4.431170241650826402e-01
5.147117732931497103e-02 3.664939963037874143e-02 6.589299637877623628e-01 6.168401282334536051e-02 4.076924851126752930e-02 7.098750818627919124e-01 4.691827314689111517e-01
4.669901649709105873e-02 3.486441736179667766e-02 6.633587124777040600e-01 5.590957628257767209e-02 3.880556019435119769e-02 7.135351281547176461e-01 4.952484387727394965e-01
4.183768170019202398e-02 3.291300507582632651e-02 6.626734708395894957e-01 5.004865621012045962e-02 3.661903036614793522e-02 7.125003642526345216e-01 5.213141460765680080e-01
3.689597319266028908e-02 3.079537181200213761e-02 6.558164817693232784e-01 4.413117693186444090e-02 3.422613552475937265e-02 7.057915475439334729e-01 5.473798533803965194e-01
3.203209982761827390e-02 2.857408603459312552e-02 6.428434989417911583e-01 3.817922145910115916e-02 3.164097452387439058e-02 6.919415531775665595e-01 5.734455606842245867e-01
2.698273324011377441e-02 2.613824906494418426e-02 6.188804987805919255e-01 3.221737370711359738e-02 2.888002139026059345e-02 6.687903136010234784e-01 5.995112679880530981e-01
2.183465647187512321e-02 2.351991265260829078e-02 5.807529370521778977e-01 2.626013498862759046e-02 2.595372571146853727e-02 6.329625272136946146e-01 6.255769752918814985e-01
1.661186718627917502e-02 2.072833527505370949e-02 5.222320824392667760e-01 2.030421086194181268e-02 2.286130462467984847e-02 5.787548283566086305e-01 6.516426825957098989e-01
1.132348797002078952e-02 1.776732769146996405e-02 4.319176712147800856e-01 1.432887403890761337e-02 1.958989085190667584e-02 4.957045563649086772e-01 6.777083898995384104e-01
5.979317568017360196e-03 1.464336264103559444e-02 2.873717551412116600e-01 8.303405547168379863e-03 1.611928593319860575e-02 3.625298147132170468e-01 7.037740972033664777e-01
6.074428232592588624e-04 1.137542166209954721e-02 3.897314442891695180e-02 2.225238578512445022e-03 1.245040539654736038e-02 1.304429564658004526e-01 7.298398045071951001e-01
-4.733109322696303807e-03 8.008626730829858029e-03 -4.467411886306685287e-01 -3.887237953404999030e-03 8.603646505023449659e-03 -3.415278153262335525e-01 7.559055118110233895e-01
