1.039789183954056145e-01 4.970004393425220268e-02 0.000000000000000000e+00 1.027531011915752274e-01 4.395506635035215798e-02 0.000000000000000000e+00 0.000000000000000000e+00
1.053032364589359393e-01 5.171403396785308887e-02 8.462462699538202127e-02 1.050555263618371121e-01 4.577072592659160721e-02 9.538818100763279961e-02 4.155884455329782873e-02
1.063830127921587543e-01 5.379278652429481111e-02 1.643772474862986721e-01 1.074670872953105011e-01 4.791587294530443714e-02 1.864187251936174072e-01 8.311768910659565746e-02
1.071771230395865415e-01 5.591205664965905736e-02 2.389908901392027996e-01 1.098266446236758342e-01 5.035443875983502265e-02 2.719284673290586207e-01 1.246765336598934515e-01
1.076329222846318379e-01 5.804166533600568084e-02 3.082681973474905579e-01 1.120113899967403043e-01 5.304116157982215196e-02 3.510529412571704033e-01 1.662353782131913149e-01
1.075958975049698396e-01 6.007850019987936302e-02 3.721432096427887415e-01 1.139071200666795652e-01 5.591857508158247503e-02 4.232804832257003880e-01 2.077942227664890951e-01
1.071019201589174380e-01 6.199923632288318470e-02 4.307503429297570574e-01 1.153327655535285462e-01 5.888880653989326391e-02 4.883539087137752088e-01 2.493530673197869030e-01
1.061376851666533672e-01 6.377193831855847150e-02 4.841740384207383618e-01 1.161265736210213423e-01 6.184461020871030723e-02 5.462497610924202940e-01 2.909119118730848497e-01
1.046086708159999074e-01 6.530281830108577990e-02 5.325853434778277107e-01 1.161885139026741925e-01 6.468726593545220949e-02 5.971698223236913128e-01 3.324707564263826298e-01
1.025921951274365168e-01 6.659207571423032823e-02 5.762324930644056042e-01 1.154480170960967556e-01 6.731323619145195003e-02 6.414930883063368894e-01 3.740296009796804655e-01
1.000617036800101889e-01 6.759089925556957534e-02 6.152379735697968144e-01 1.137937290781615846e-01 6.957218952670068957e-02 6.797451582409139714e-01 4.155884455329781901e-01
9.702854564281286620e-02 6.826311279302771373e-02 6.497848528547458535e-01 1.111332806476947460e-01 7.129834590276525053e-02 7.125590003978031772e-01 4.571472900862758593e-01
9.338702985253705124e-02 6.850099607359226572e-02 6.798833207212795493e-01 1.074914129700501597e-01 7.239100750946098062e-02 7.405150019805135653e-01 4.987061346395738060e-01
8.893939242541086532e-02 6.808454645498179802e-02 7.057525018531619621e-01 1.028980175666394936e-01 7.275375765285385654e-02 7.641144198336476956e-01 5.402649791928715306e-01
8.368086856131212725e-02 6.688696244410544112e-02 7.279075195174147250e-01 9.744657241781323753e-02 7.233275350673404325e-02 7.838321455550807393e-01 5.818238237461696993e-01
7.777228597545975119e-02 6.493974994386479682e-02 7.465673211405964294e-01 9.121666240113392166e-02 7.107620708296634449e-02 8.000270235947626318e-01 6.233826682994673130e-01
7.143124541805409566e-02 6.234418207516524701e-02 7.618609918720655738e-01 8.426711666920791433e-02 6.894054432839223645e-02 8.127685179690012918e-01 6.649415128527652596e-01
6.491870931864625327e-02 5.925432994893070626e-02 7.740378023934028073e-01 7.673600614059467029e-02 6.595848971764486923e-02 8.219414361414791870e-01 7.065003574060633174e-01
5.821680537724360782e-02 5.569109377526409999e-02 7.819853053499802309e-01 6.881854897433907492e-02 6.222293382488915114e-02 8.273532869829606229e-01 7.480592019593609310e-01
5.147220820356959020e-02 5.174716891928830831e-02 7.854223784645735229e-01 6.073928677058217790e-02 5.788864068415450898e-02 8.285016956614652539e-01 7.896180465126588777e-01
4.467877639902777948e-02 4.742322197256218508e-02 7.830755676082240546e-01 5.264066345151752202e-02 5.307272128654634546e-02 8.244103925828460966e-01 8.311768910659563803e-01
3.776916626819646489e-02 4.267918998929801783e-02 7.723319283956857628e-01 4.453980312697816690e-02 4.779994366357318697e-02 8.132117920461653382e-01 8.727357356192547710e-01
3.078979818625348155e-02 3.755961927793353972e-02 7.495002917358386529e-01 3.641127624237805449e-02 4.206431527643694074e-02 7.914221902054870972e-01 9.142945801725517185e-01
2.377209857169561985e-02 3.211218320479799354e-02 7.076018994959109021e-01 2.825774731794971836e-02 3.589515965864516212e-02 7.524765123142351797e-01 9.558534247258502203e-01
1.674104038738033831e-02 2.639050981137947352e-02 6.327168062388435210e-01 2.011098756902123322e-02 2.936533968998212771e-02 6.830823671862792379e-01 9.974122692791476119e-01
9.641979797470777089e-03 2.038866274915114227e-02 4.913386725250152298e-01 1.200857688955626022e-02 2.257277978956698933e-02 5.527260985486347478e-01 1.038971113832445559e+00
2.456052470499977755e-03 1.414745389791715637e-02 1.875841612838371475e-01 3.946873398291572514e-03 1.559318077590291299e-02 2.734987178113339468e-01 1.080529958385743061e+00
-4.744398077830190574e-03 7.796227369779230865e-03 -6.828477040645261065e-01 -4.098360448828317938e-03 8.493889313231840765e-03 -5.414156225081193652e-01 1.122088802939041230e+00
-1.181173595201519440e-02 1.553642612025771252e-03 -8.846757064317168684e+00 -1.195854119352394822e-02 1.539220444722368304e-03 -9.040633766915915359e+00 1.163647647492339399e+00
-1.896825218055385107e-02 -4.904893238604816040e-03 -1.000000000000000000e+00 -1.988132861558414288e-02 -5.593706864457520696e-03 -1.000000000000000000e+00 1.205206492045636901e+00
