0.149   0.0930   0.0415   0.335
0.179   0.0913   0.0419   0.390
0.199   0.0904   0.0423   0.425
0.230   0.0882   0.0426   0.475
0.255   0.0862   0.0428   0.514
0.280   0.0841   0.0429   0.548
0.307   0.0816   0.0430   0.583
0.328   0.0795   0.0429   0.608
0.359   0.0762   0.0427   0.640
0.384   0.0735   0.0425   0.664
0.406   0.0709   0.0421   0.683
0.432   0.0673   0.0415   0.702
0.456   0.0640   0.0407   0.716
0.479   0.0601   0.0397   0.725
0.502   0.0560   0.0384   0.732
0.427   0.0680   0.0416   0.698
0.453   0.0642   0.0408   0.713
0.484   0.0590   0.0393   0.726
0.507   0.0548   0.0379   0.734
0.535   0.0484   0.0353   0.735
0.552   0.0448   0.0337   0.735
0.581   0.0377   0.0302   0.725
0.601   0.0333   0.0280   0.715
0.631   0.0271   0.0249   0.687
0.651   0.0230   0.0227   0.660
0.681   0.0170   0.0193   0.599
0.706   0.0123   0.0167   0.523
0.736   0.0067   0.0134   0.370
0.763   0.0015   0.0102   0.114