1.192561069194863599e+00
1.170287677996424414e+00
1.147811207044572512e+00
1.124362611992823613e+00
1.100670528957573779e+00
1.077385186220527924e+00
1.054659005972724550e+00
1.032496697779179406e+00
1.010850523252418309e+00
9.896646273531977123e-01
9.689324254806479519e-01
9.487703921273829000e-01
9.293011246597893127e-01
9.105332796253888805e-01
8.923768853583649019e-01
8.747514774264586457e-01
8.576198334259692579e-01
8.409707726622146495e-01
8.247963662162396403e-01
8.090842233259833982e-01
7.938213245926348804e-01
7.789965471674813458e-01
7.645984861376886599e-01
7.506148571321342722e-01
7.370335549754276627e-01
7.238427002450205094e-01
7.110305462053081449e-01
6.985853279101377211e-01
6.864952296986945868e-01
6.747486451234636640e-01
6.633342233313088698e-01
6.522408520316773650e-01
6.414576602175132702e-01
6.309740163710830796e-01
6.207795240854607766e-01
6.108640482398550731e-01
6.012175727358879396e-01
5.918299474270360960e-01
5.826909052145012868e-01
5.737903105744401877e-01
5.651181468784949313e-01
5.566630029959895865e-01
5.484125530635315382e-01
5.403566979148233251e-01
5.324762140131056309e-01
5.247643794388165972e-01
5.173931341025987951e-01
5.106719879793841788e-01
5.040655397854980624e-01
4.971655302853326130e-01
