2.948167324976691192e-02 5.295426162360580946e+01 1.244265175820083780e+00 4.223445324854646632e-02 5.584644963310942067e+00 2.100000000000000200e-01
1.045446715125861459e-01 4.443486406945077505e+01 6.460844859513082961e-01 1.066092051680934787e-02 1.158486331208696640e+01 2.300000000000000100e-01
1.071183581880820329e-01 4.430437645628406074e+01 8.216748367210529036e-01 1.144128733217158501e-02 1.791423925134429851e+01 2.500000000000000000e-01
1.105746251113464834e-01 4.345726663611259255e+01 9.233661974364901770e-01 1.113425451430726486e-02 2.425962031920751372e+01 2.700000000000000178e-01
1.143014759834676541e-01 4.207089648944970151e+01 9.692151672980215960e-01 1.072276554397854145e-02 3.031573379073504171e+01 2.900000000000000355e-01
1.166390778250910309e-01 4.058475799774885218e+01 9.935249003677536495e-01 1.053188223345657634e-02 3.625739298007773925e+01 3.099999999999999978e-01
1.172150704686986816e-01 3.917228689312954515e+01 1.011398230899122286e+00 1.052225668951635440e-02 4.215596159830838019e+01 3.300000000000000155e-01
1.167683533848115213e-01 3.783287899651529784e+01 1.023777595063319668e+00 1.058163463476034100e-02 4.803578891395376615e+01 3.500000000000000333e-01
1.157306776982620217e-01 3.656120395116450084e+01 1.031549513499059989e+00 1.065183028748452505e-02 5.389623680311833454e+01 3.699999999999999956e-01
1.144373132357764528e-01 3.535235260940828539e+01 1.035292893954041116e+00 1.070738378733373034e-02 5.977734247595761730e+01 3.900000000000000133e-01
1.134611367354395606e-01 3.417656422485456602e+01 1.032757344906274577e+00 1.070479436755484952e-02 6.577959328581280829e+01 4.099999999999999756e-01
1.251502020090565770e-01 3.223433155531898819e+01 9.381847183041858163e-01 9.720188121899765721e-03 7.380386706062600410e+01 4.299999999999999933e-01
1.334205169939435276e-01 3.061767722732207275e+01 8.737985804326815487e-01 8.978430469104478270e-03 8.122437494734343488e+01 4.500000000000000111e-01
1.339620913216176823e-01 2.951826045981480107e+01 8.579583555005287909e-01 8.741623835131296164e-03 8.803019217617926984e+01 4.699999999999999734e-01
1.320474676927436419e-01 2.859873819287588503e+01 8.549918104971461208e-01 8.649846005646420061e-03 9.453830292962079795e+01 4.899999999999999911e-01
1.314742975229075406e-01 2.764738893294620325e+01 8.441184205602741963e-01 8.476126820615610680e-03 1.013460892169434118e+02 5.100000000000000089e-01
1.293034946090360626e-01 2.683256965541657024e+01 8.416355024132022855e-01 8.397078879269083418e-03 1.078948691663787116e+02 5.300000000000000266e-01
1.267190595615127757e-01 2.608338972762086172e+01 8.410498550776630555e-01 8.344952124697138998e-03 1.143157466451047100e+02 5.500000000000000444e-01
1.244576609476584494e-01 2.534957138033808732e+01 8.381222310498823713e-01 8.275316680889913470e-03 1.206948807267748123e+02 5.700000000000000622e-01
1.220245500265644961e-01 2.466421053698159938e+01 8.359993206998304061e-01 8.220013521955433708e-03 1.269675352743200136e+02 5.900000000000000799e-01
1.193494941079175087e-01 2.403271709415475854e+01 8.353447541688393541e-01 8.184922246562715414e-03 1.331296915369810279e+02 6.099999999999999867e-01
1.165367176756614276e-01 2.344538625957933675e+01 8.355409360756450576e-01 8.163676300244903511e-03 1.391600689410361440e+02 6.299999999999998934e-01
1.136888268618109210e-01 2.289186358014156397e+01 8.359087955841077999e-01 8.149457189487301426e-03 1.450361629797458249e+02 6.499999999999999112e-01
1.108268176066518756e-01 2.236755013722639518e+01 8.362486846140682051e-01 8.140477587417118549e-03 1.507201215998258874e+02 6.699999999999999289e-01
1.079530152332876386e-01 2.186914306115167861e+01 8.364504161308984331e-01 8.136029470875532493e-03 1.561646964082422073e+02 6.899999999999999467e-01
1.050582268547446685e-01 2.139410691050147051e+01 8.364490704334449633e-01 8.136066506421339717e-03 1.613115532085394079e+02 7.099999999999999645e-01
1.021230304075780027e-01 2.094060465425706496e+01 8.362193654696433720e-01 8.141182639892689463e-03 1.660892256684268204e+02 7.299999999999999822e-01
9.911470513913793468e-02 2.050777642003338030e+01 8.358000028299042983e-01 8.152922863872241049e-03 1.704093846175604767e+02 7.500000000000000000e-01
9.597639016837514192e-02 2.009683428887036882e+01 8.353868077900338251e-01 8.174813917500746777e-03 1.741616700503400068e+02 7.700000000000000178e-01
9.255343440229113483e-02 1.971834857713967182e+01 8.359639055409944230e-01 8.218951831156099189e-03 1.771905055282036301e+02 7.900000000000000355e-01
8.852238816586913139e-02 1.940058196889980735e+01 8.400770590322962361e-01 8.314287885497095854e-03 1.792594626399909430e+02 8.099999999999998312e-01
8.448253167905862837e-02 1.906935560173940303e+01 8.416009050706466654e-01 8.404529757643598026e-03 1.800994383488867072e+02 8.299999999999998490e-01
7.867660445145739645e-02 1.887555969791312194e+01 8.549515606312761973e-01 8.649281720775026452e-03 1.783127162004041679e+02 8.499999999999998668e-01
7.242911496871330679e-02 1.870017937603849489e+01 8.707670229520930727e-01 8.940519911812199599e-03 1.746844135814455683e+02 8.699999999999998845e-01
5.445346532216604335e-02 1.988937102963976500e+01 1.034814031661438927e+00 1.071717668782269303e-02 1.584916540221757941e+02 8.899999999999999023e-01
5.044448390050430137e-02 1.953896182434398199e+01 1.031493739421559752e+00 1.065120025413114797e-02 1.534862307723787467e+02 9.099999999999999201e-01
4.638598340974388334e-02 1.912211072808459278e+01 1.018255649294329768e+00 1.055356665393120813e-02 1.469122145331877505e+02 9.299999999999999378e-01
4.189244060965250510e-02 1.860701604977374757e+01 9.914236640469936690e-01 1.054386474361036947e-02 1.375656188041124040e+02 9.499999999999999556e-01
3.587413079167802582e-02 1.786591412307856075e+01 9.405161423081733751e-01 1.106405960356244243e-02 1.209839868182375682e+02 9.699999999999999734e-01
2.909494598050757844e-02 1.408744352541749656e+01 6.401988797439540635e-01 1.061625743644593889e-02 7.115410798213510191e+01 9.899999999999999911e-01
