0.000000000000000000e+00 2.000000000000000042e-03 7.734255799551587529e+01
0.000000000000000000e+00 3.951223323700581332e-03 7.657373665891968528e+01
0.000000000000000000e+00 3.441167909558842664e-02 6.769018594759572238e+01
0.000000000000000000e+00 3.596885498916508467e-02 6.726471015391670960e+01
0.000000000000000000e+00 3.735660191697818405e-02 6.697561238908679115e+01
0.000000000000000000e+00 3.832780762281830927e-02 6.705538582915062307e+01
0.000000000000000000e+00 3.959776515961661858e-02 6.736241646125097304e+01
0.000000000000000000e+00 4.103720686310984023e-02 6.763043655348272409e+01
0.000000000000000000e+00 4.302493505009054309e-02 6.744111753750139826e+01
0.000000000000000000e+00 4.469163607117625919e-02 6.711119173814635985e+01
0.000000000000000000e+00 4.680775354449917547e-02 6.650575141694309877e+01
0.000000000000000000e+00 4.875153194006134200e-02 6.587466288362205091e+01
0.000000000000000000e+00 5.055699301702401560e-02 6.523391774291754075e+01
0.000000000000000000e+00 5.223857839236129702e-02 6.459701264854379588e+01
0.000000000000000000e+00 5.394691295480366633e-02 6.395418566427814255e+01
0.000000000000000000e+00 5.573484425253814184e-02 6.330371091509213954e+01
0.000000000000000000e+00 5.795590027125322591e-02 6.261664800585342050e+01
0.000000000000000000e+00 7.760424885192075684e-02 6.025490358677983949e+01
0.000000000000000000e+00 8.318422723051743795e-02 5.935975511669691684e+01
0.000000000000000000e+00 8.714039107876381252e-02 5.856321035912299777e+01
0.000000000000000000e+00 9.036886869273356993e-02 5.783890850999900124e+01
0.000000000000000000e+00 9.247732779748665810e-02 5.721858894112810390e+01
0.000000000000000000e+00 9.464343897763909108e-02 5.659036848896928973e+01
0.000000000000000000e+00 9.546603889180314828e-02 5.605774290981647567e+01
0.000000000000000000e+00 9.585752813758446900e-02 5.554927976026479541e+01
0.000000000000000000e+00 9.952682155478846660e-02 5.480229460021033816e+01
0.000000000000000000e+00 1.008847625609016752e-01 5.421650629770504537e+01
0.000000000000000000e+00 1.043576954589487127e-01 5.349286881342069933e+01
0.000000000000000000e+00 1.074980345983459623e-01 5.280274983385348264e+01
0.000000000000000000e+00 1.082028725296380195e-01 5.227242808294060694e+01
0.000000000000000000e+00 1.080900975221832372e-01 5.178970766515584501e+01
0.000000000000000000e+00 1.078360553860185783e-01 5.131597053040170664e+01
0.000000000000000000e+00 1.079053070220672150e-01 5.082387692285965386e+01
0.000000000000000000e+00 1.081443963938209379e-01 5.032189745173642592e+01
0.000000000000000000e+00 1.082946612165072570e-01 4.982501457003351675e+01
0.000000000000000000e+00 1.082764992057680814e-01 4.933906523848691705e+01
0.000000000000000000e+00 1.081290402578927584e-01 4.886252038506022899e+01
0.000000000000000000e+00 1.079721561942642016e-01 4.838946803955030163e+01
0.000000000000000000e+00 1.077610270955379618e-01 4.792406036537607150e+01
0.000000000000000000e+00 1.074989544883588055e-01 4.746494255889017211e+01
0.000000000000000000e+00 1.071735522485301600e-01 4.700989236888822376e+01
0.000000000000000000e+00 1.070105804595408439e-01 4.654650832366271374e+01
0.000000000000000000e+00 1.074014412064533130e-01 4.605348086140068631e+01
0.000000000000000000e+00 1.067181648595233179e-01 4.562233655663339249e+01
0.000000000000000000e+00 1.059897090280165349e-01 4.519621736590990935e+01
0.000000000000000000e+00 1.052157237102439302e-01 4.477485444448981156e+01
0.000000000000000000e+00 1.043977540589048486e-01 4.435818522279755882e+01
0.000000000000000000e+00 1.035358450020814752e-01 4.394604498753073329e+01
0.000000000000000000e+00 1.026297402194153580e-01 4.353799552411878437e+01
0.000000000000000000e+00 1.016808856962717333e-01 4.313402372994403322e+01
0.000000000000000000e+00 1.006896562562230729e-01 4.273378397499940462e+01
0.000000000000000000e+00 9.965487921344594324e-02 4.233750040015738847e+01
0.000000000000000000e+00 9.858522782725545608e-02 4.194425487990512380e+01
0.000000000000000000e+00 9.747417338483739535e-02 4.155466900629112814e+01
0.000000000000000000e+00 9.632529666493271081e-02 4.116826931501298503e+01
0.000000000000000000e+00 9.514093777661677964e-02 4.078500764734769746e+01
0.000000000000000000e+00 9.316138864337233927e-02 4.045223651763143380e+01
0.000000000000000000e+00 9.142279272551756542e-02 4.010422089183639827e+01
0.000000000000000000e+00 8.995828889220600089e-02 3.973724798314874818e+01
0.000000000000000000e+00 8.845166789061695289e-02 3.937061727856731608e+01
0.000000000000000000e+00 8.691343105459649332e-02 3.900689279283105293e+01
0.000000000000000000e+00 8.535945932846757123e-02 3.864565465057264504e+01
0.000000000000000000e+00 8.378997891979242385e-02 3.828397447993199876e+01
0.000000000000000000e+00 8.205739116849804227e-02 3.793086694516004087e+01
0.000000000000000000e+00 8.024097239190362829e-02 3.757877295340308166e+01
0.000000000000000000e+00 7.852534872069434624e-02 3.721153779936827277e+01
0.000000000000000000e+00 7.715691951050497599e-02 3.680878235393902287e+01
0.000000000000000000e+00 7.544513068125478783e-02 3.642431687375454885e+01
0.000000000000000000e+00 7.353823567149150864e-02 3.603931623573761556e+01
0.000000000000000000e+00 6.759026720646361952e-02 3.603963510988531027e+01
0.000000000000000000e+00 6.477392225962545769e-02 3.574012627888474469e+01
0.000000000000000000e+00 6.127473762438307575e-02 3.548870700045270610e+01
0.000000000000000000e+00 5.914888603557177937e-02 3.505443551592243523e+01
0.000000000000000000e+00 5.594853616350363434e-02 3.469779644856615164e+01
0.000000000000000000e+00 5.102786647607727294e-02 3.455830143374624441e+01
0.000000000000000000e+00 4.288047616773233567e-02 3.479700080744486002e+01
0.000000000000000000e+00 3.110939595028687846e-02 3.588796921152090391e+01
0.000000000000000000e+00 2.801354571090218168e-02 3.539057913233280317e+01
0.000000000000000000e+00 2.402848158787521116e-02 3.469673049055187164e+01
0.000000000000000000e+00 1.926950667704100534e-02 3.078356448802068712e+01
