5.669182485527853727e-02 5.943401804575508862e+01 3.767456367883675883e-01 1.263776653355419728e-02 6.219740329106240750e+00 2.100000000000000200e-01
6.880012344426000848e-02 5.774337793617470993e+01 4.918258264965974513e-01 9.712149767583330012e-03 8.575592701100765325e+00 2.300000000000000100e-01
7.170690673976039264e-02 5.695868015638277626e+01 6.261053711284509937e-01 1.050627479417410096e-02 1.211085005144337323e+01 2.500000000000000000e-01
7.391404230691607513e-02 5.655025739172583599e+01 7.661589394158141442e-01 1.133145317037618886e-02 1.707423623931117973e+01 2.700000000000000178e-01
7.653197628756232274e-02 5.591606620610431122e+01 8.767350000511919816e-01 1.137269623655854517e-02 2.249836803810677921e+01 2.900000000000000355e-01
7.950631670892717440e-02 5.480100975131070840e+01 9.423470088171392867e-01 1.105756011427181870e-02 2.755048771005046859e+01 3.099999999999999978e-01
8.296225803352734463e-02 5.333328270570149954e+01 9.713878951792334071e-01 1.070020465252051467e-02 3.229671914081883699e+01 3.300000000000000155e-01
8.553560954773194169e-02 5.186309134971332924e+01 9.922329950572372770e-01 1.053885981076453475e-02 3.704018995329586517e+01 3.500000000000000333e-01
8.732943176206546532e-02 5.044189763992803677e+01 1.008968427774701970e+00 1.051647175936972975e-02 4.186115686540169634e+01 3.699999999999999956e-01
8.858022207461031805e-02 4.907684860813167660e+01 1.022309206030390438e+00 1.057243953870993895e-02 4.680889580372770808e+01 3.900000000000000133e-01
8.960823437475402831e-02 4.775284143158211236e+01 1.031106913576569584e+00 1.064687170246336224e-02 5.192661445314710988e+01 4.099999999999999756e-01
9.062156824301656477e-02 4.646488244031090176e+01 1.035156494838390673e+00 1.070971671513274576e-02 5.728560150231582782e+01 4.299999999999999933e-01
1.028387092153321553e-01 4.436806090768416055e+01 9.436845455171735120e-01 9.788002118215045899e-03 6.548380177040453987e+01 4.500000000000000111e-01
1.161221383573030480e-01 4.235780199240368660e+01 8.581751727172836075e-01 8.769337279683611652e-03 7.377219220004047884e+01 4.699999999999999734e-01
1.187663496769985894e-01 4.109192110444637791e+01 8.468457148218019315e-01 8.533768901092180642e-03 8.063742444091703021e+01 4.899999999999999911e-01
1.200453565970237696e-01 3.993238537324567261e+01 8.414552527769997292e-01 8.366005896725918489e-03 8.739826128954483409e+01 5.100000000000000089e-01
1.208158717408974181e-01 3.881453000655154995e+01 8.357895100223191598e-01 8.212946766629668216e-03 9.395708726788174658e+01 5.300000000000000266e-01
1.202579429122501015e-01 3.781968566201619808e+01 8.364113740973404543e-01 8.136859385009444223e-03 1.003800196980970156e+02 5.500000000000000444e-01
1.189778720762228875e-01 3.690611438205301198e+01 8.397768174244893968e-01 8.099747017184568895e-03 1.067027995259681035e+02 5.700000000000000622e-01
1.188056974020712669e-01 3.594077331714024837e+01 8.343876725928799365e-01 7.985191120921015379e-03 1.131636763960299987e+02 5.900000000000000799e-01
1.175879521386759552e-01 3.507861332270181975e+01 8.341173090806843771e-01 7.929574659211860443e-03 1.194196593435001716e+02 6.099999999999999867e-01
1.154830986837903917e-01 3.430150342586355805e+01 8.378179726907911684e-01 7.924298819114749745e-03 1.253500223739175254e+02 6.299999999999998934e-01
1.132836465322961672e-01 3.355455097217740246e+01 8.407517207456576269e-01 7.920783427283297970e-03 1.310914407515156768e+02 6.499999999999999112e-01
1.110737716776784706e-01 3.282975526104073793e+01 8.423838333216656649e-01 7.913516072594361725e-03 1.366253634708468496e+02 6.699999999999999289e-01
1.088913091075359441e-01 3.212165193284392473e+01 8.423963136196955803e-01 7.899416785530515017e-03 1.419163581887808334e+02 6.899999999999999467e-01
1.064779151677076735e-01 3.144581773224469146e+01 8.423858604331814215e-01 7.895177434278871295e-03 1.468156465780975282e+02 7.099999999999999645e-01
1.038192258545581198e-01 3.080115979386204472e+01 8.423994063475941374e-01 7.902035478305886179e-03 1.512430670968611253e+02 7.299999999999999822e-01
1.009276661837267552e-01 3.018426622202338905e+01 8.422525097500538349e-01 7.919229162803260308e-03 1.551141045875110933e+02 7.500000000000000000e-01
9.814148169209356565e-02 2.956623965649330188e+01 8.394035576675478172e-01 7.922322548066219883e-03 1.584947446930275987e+02 7.700000000000000178e-01
9.521317494086480038e-02 2.896142491065213065e+01 8.352588803137596107e-01 7.927854649361137582e-03 1.611825930128932782e+02 7.900000000000000355e-01
9.146014016692292914e-02 2.842272219634532249e+01 8.346362009239641777e-01 7.988625983295055688e-03 1.627293729832073836e+02 8.099999999999998312e-01
8.683733536565199640e-02 2.796316802339879715e+01 8.384305672447048829e-01 8.113477231690171404e-03 1.630504036002324426e+02 8.299999999999998490e-01
8.260111414038727451e-02 2.745463893727424676e+01 8.354156559056424847e-01 8.197778421784774824e-03 1.623602770438342304e+02 8.499999999999998668e-01
7.683247418457493649e-02 2.707705988490910798e+01 8.417759023779967098e-01 8.416368562024236638e-03 1.595903035692747096e+02 8.699999999999998845e-01
6.879655064581857715e-02 2.685079308538546528e+01 8.632687195111835576e-01 8.845004390779256237e-03 1.527396743076489827e+02 8.899999999999999023e-01
4.975795403933980926e-02 2.799380287000565204e+01 1.035412024407050158e+00 1.070561090485369626e-02 1.335303648246616888e+02 9.099999999999999201e-01
4.550631900729111556e-02 2.743966630592769107e+01 1.022970194221064943e+00 1.057637825331997870e-02 1.275351125053846744e+02 9.299999999999999378e-01
4.096629848630193443e-02 2.679094013930120965e+01 9.965391447337232922e-01 1.052000229517126122e-02 1.197403992769944949e+02 9.499999999999999556e-01
3.498847987642440815e-02 2.595958419780379955e+01 9.487393227154892195e-01 1.100068878570587341e-02 1.065543219962989809e+02 9.699999999999999734e-01
2.808693378263157556e-02 2.201663049005568240e+01 6.432242280002471446e-01 1.063930818706015219e-02 6.263583786501546058e+01 9.899999999999999911e-01
