0.000000000000000000e+00 8.279119613755742124e-03 6.888973758620312537e+01
0.000000000000000000e+00 5.008802387838214021e-02 5.935005351218883618e+01
0.000000000000000000e+00 5.325518057874311512e-02 5.920749565126763514e+01
0.000000000000000000e+00 5.675321035588635349e-02 5.911275838183371434e+01
0.000000000000000000e+00 6.139674918564264061e-02 5.800165112659725253e+01
0.000000000000000000e+00 6.613099213976118829e-02 5.647268818495847853e+01
0.000000000000000000e+00 7.007019646229063758e-02 5.496290798980377446e+01
0.000000000000000000e+00 7.441875120080058970e-02 5.342390122240158234e+01
0.000000000000000000e+00 1.014343350582364023e-01 5.011101769718791843e+01
0.000000000000000000e+00 1.092224552472998989e-01 4.840613703617579233e+01
0.000000000000000000e+00 1.135348856347107999e-01 4.695809869640145706e+01
0.000000000000000000e+00 1.154624114500637372e-01 4.569141084268393627e+01
0.000000000000000000e+00 1.147920257140936234e-01 4.459371277035230463e+01
0.000000000000000000e+00 1.179162437327098412e-01 4.326785771619481125e+01
0.000000000000000000e+00 1.209165867307611941e-01 4.196951990267791643e+01
0.000000000000000000e+00 1.228670678241236686e-01 4.077217791146766501e+01
0.000000000000000000e+00 1.213877328632345376e-01 3.979675116306760430e+01
0.000000000000000000e+00 1.195770359683456657e-01 3.886000644166208673e+01
0.000000000000000000e+00 1.171734859105746235e-01 3.798200398734466887e+01
0.000000000000000000e+00 1.147656495924350983e-01 3.712809237121173567e+01
0.000000000000000000e+00 1.123417677824907895e-01 3.629939987068709684e+01
0.000000000000000000e+00 1.100417132877345855e-01 3.548683636138936492e+01
0.000000000000000000e+00 1.075921697049215670e-01 3.470455714819786408e+01
0.000000000000000000e+00 1.050099000815756939e-01 3.395052606563326236e+01
0.000000000000000000e+00 1.023041608140327907e-01 3.322275404674266497e+01
0.000000000000000000e+00 9.953487380195734369e-02 3.251581674977503411e+01
0.000000000000000000e+00 9.689882399950877634e-02 3.181486611328997682e+01
0.000000000000000000e+00 9.426671314762766207e-02 3.112454240796927252e+01
0.000000000000000000e+00 9.165325711095088923e-02 3.044026079612833868e+01
0.000000000000000000e+00 8.833424017017897645e-02 2.981111635925613967e+01
0.000000000000000000e+00 8.532138493555735392e-02 2.915576262381310002e+01
0.000000000000000000e+00 7.744560746265129192e-02 2.891878444580605034e+01
0.000000000000000000e+00 7.303487573579328651e-02 2.840060193699829938e+01
0.000000000000000000e+00 6.837771587881229240e-02 2.788494790174622295e+01
0.000000000000000000e+00 6.415985750866042003e-02 2.728785449684449915e+01
0.000000000000000000e+00 5.829668773660465209e-02 2.683385565365941616e+01
0.000000000000000000e+00 4.943965331822103987e-02 2.669545297204857093e+01
0.000000000000000000e+00 3.327202266097989414e-02 2.782440824893571119e+01
0.000000000000000000e+00 2.835029872276278659e-02 2.703310428313214331e+01
0.000000000000000000e+00 2.155281859054793830e-02 2.384159816761736650e+01
