3.957813999750088574e-02 6.768175725316241653e+01 3.667646462149737885e-01 1.366486962560696169e-02 8.743600800701539555e+00 2.100000000000000200e-01
4.818459533270247341e-02 6.615432810507729755e+01 4.567923375865563518e-01 1.000816107732413300e-02 1.017393520756769298e+01 2.300000000000000100e-01
5.171421626614711858e-02 6.515726241782992645e+01 5.477207827893315617e-01 9.952938609340534343e-03 1.266327205952185864e+01 2.500000000000000000e-01
5.403208237893480925e-02 6.470283409685870879e+01 6.648125195745906435e-01 1.076961145390513755e-02 1.690638097368345427e+01 2.700000000000000178e-01
5.629089117420872646e-02 6.466370606288667489e+01 8.031919625849551769e-01 1.141738282572559576e-02 2.317861610834834352e+01 2.900000000000000355e-01
5.936402310913103247e-02 6.415638586985687652e+01 8.989458272630509450e-01 1.124808137264385159e-02 2.938052081641665936e+01 3.099999999999999978e-01
6.241764758928215057e-02 6.317597373828098739e+01 9.541755369299617096e-01 1.092321397585011011e-02 3.477532803826194652e+01 3.300000000000000155e-01
6.581584403597323663e-02 6.188764506595595805e+01 9.794345990167734328e-01 1.061958239164637052e-02 3.983359757546953261e+01 3.500000000000000333e-01
6.862540287250111504e-02 6.059728662633218477e+01 9.998120472888566423e-01 1.051347096687351226e-02 4.496904704709202605e+01 3.699999999999999956e-01
7.092263264984280391e-02 5.934049052648764899e+01 1.017879501794938690e+00 1.055135194388534883e-02 5.029592720539085349e+01 3.900000000000000133e-01
7.328097003663421038e-02 5.808173588798639031e+01 1.029535325662156220e+00 1.063021823818425561e-02 5.605127568407760918e+01 4.099999999999999756e-01
7.583002457788955153e-02 5.682608868534176594e+01 1.035041338044063064e+00 1.071193532768726329e-02 6.235227521552244667e+01 4.299999999999999933e-01
9.917321643970215816e-02 5.395714151020421667e+01 8.629791193376679104e-01 8.841160983988027161e-03 7.560928503140976886e+01 4.500000000000000111e-01
1.060469994162440838e-01 5.249905760166605262e+01 8.420597718979616619e-01 8.424337873242879540e-03 8.484246850575590315e+01 4.699999999999999734e-01
1.101165374122961976e-01 5.120320832363868391e+01 8.353520367768151322e-01 8.180480090508089261e-03 9.335353412711843646e+01 4.899999999999999911e-01
1.118476769865579951e-01 5.008985117008219845e+01 8.408462392003088759e-01 8.085540510413831428e-03 1.016439058442936840e+02 5.100000000000000089e-01
1.143510228641782256e-01 4.893365790957113148e+01 8.381809776614088658e-01 7.923830981417001249e-03 1.102876479170036674e+02 5.300000000000000266e-01
1.154394022892164806e-01 4.789474117088438732e+01 8.417891390718265088e-01 7.843157579689124734e-03 1.188131869161720715e+02 5.500000000000000444e-01
1.151509397720514166e-01 4.695523232644119105e+01 8.507421395356926652e-01 7.832912084715615633e-03 1.269453637847603176e+02 5.700000000000000622e-01
1.141707655662271559e-01 4.606816767587991279e+01 8.609955934813688927e-01 7.853363876369971741e-03 1.347491980295991425e+02 5.900000000000000799e-01
1.129347814560325430e-01 4.520909088410294885e+01 8.703555965255488358e-01 7.880661925966606085e-03 1.423687272579720116e+02 6.099999999999999867e-01
1.141562640584872917e-01 4.420813402098008993e+01 8.625994534995397034e-01 7.749004248228395612e-03 1.511154715983120695e+02 6.299999999999998934e-01
1.137811694576033872e-01 4.331612340301344233e+01 8.619080201104493133e-01 7.696750798004158879e-03 1.589586204683365906e+02 6.499999999999999112e-01
1.128179802757361128e-01 4.247003726045073790e+01 8.624228129684107236e-01 7.667302769372076436e-03 1.663286913420601252e+02 6.699999999999999289e-01
1.114083664880089475e-01 4.166162793642102713e+01 8.634669377280855818e-01 7.653292628053498005e-03 1.732458380124114399e+02 6.899999999999999467e-01
1.096288705456906348e-01 4.088544746294313370e+01 8.646343767458914975e-01 7.650593487960321258e-03 1.796729517652703976e+02 7.099999999999999645e-01
1.076246882129240912e-01 4.012994995085569627e+01 8.649331210546142845e-01 7.650001295517433464e-03 1.855801195441124207e+02 7.299999999999999822e-01
1.053939301289569114e-01 3.939318382581007683e+01 8.642774826454363568e-01 7.651351117238006441e-03 1.908687615804393545e+02 7.500000000000000000e-01
1.029210822899041949e-01 3.867413033540942990e+01 8.626490050247243024e-01 7.655602890263459373e-03 1.954313027080590928e+02 7.700000000000000178e-01
9.987890520394598903e-02 3.799405382369881323e+01 8.621558902092429921e-01 7.684819069584724986e-03 1.989456848586212345e+02 7.900000000000000355e-01
9.626511591513596533e-02 3.734943561144857682e+01 8.625164652223792361e-01 7.739780191051088935e-03 2.011552023861632676e+02 8.099999999999998312e-01
9.125955536819313485e-02 3.679752108332301930e+01 8.691981164803278537e-01 7.876976804341677407e-03 2.009806393126245609e+02 8.299999999999998490e-01
8.841485922003107512e-02 3.606525183267918067e+01 8.560575394433572738e-01 7.841386831771400556e-03 2.014553566718875004e+02 8.499999999999998668e-01
8.481826784383880713e-02 3.535207583289601985e+01 8.423405331011656338e-01 7.842360811829389780e-03 1.996118506864190465e+02 8.699999999999998845e-01
7.981519860232644259e-02 3.470765632461571926e+01 8.323267273282701773e-01 7.932433027061064346e-03 1.945435632951931950e+02 8.899999999999999023e-01
7.236345452495121511e-02 3.426389997864664139e+01 8.363682027524795837e-01 8.231668874765823291e-03 1.855119967633946771e+02 9.099999999999999201e-01
5.934983796358068997e-02 3.429713862010827086e+01 8.880976646689984211e-01 9.151786943923640935e-03 1.669751611647721745e+02 9.299999999999999378e-01
4.250913092663812648e-02 3.503157822683682809e+01 1.025322724218986403e+00 1.059293219602400020e-02 1.405638371584234108e+02 9.499999999999999556e-01
3.635396613799395105e-02 3.414916926777185324e+01 9.822994830128561894e-01 1.059544436778217871e-02 1.254094974008743861e+02 9.699999999999999734e-01
2.778892770930438058e-02 3.091798796235911695e+01 7.382715638679832049e-01 1.120576445133105239e-02 8.033212598789694425e+01 9.899999999999999911e-01
