2.000000000000000042e-03 8.081107592676038109e+01 1.292233619573179615e+00 5.571228930107125638e-02 2.050770072773417052e+00 2.100000000000000200e-01
3.723006659419009906e-02 7.134325549962156288e+01 4.475430154475390498e-01 1.012195268144944205e-02 1.361410158789413671e+01 2.300000000000000100e-01
4.000800302612599058e-02 7.050419115061581010e+01 5.243846634079295521e-01 9.861796514781386719e-03 1.582601313034081336e+01 2.500000000000000000e-01
4.199642708887636744e-02 7.015180313487776687e+01 6.278373716548482086e-01 1.052002444782409313e-02 2.007210629991254436e+01 2.700000000000000178e-01
4.425260086665854659e-02 7.046098587996338836e+01 7.742271055738348950e-01 1.135944146741246948e-02 2.783277139142748879e+01 2.900000000000000355e-01
4.723027021196430503e-02 7.044042512346653950e+01 8.895085970104930073e-01 1.129931598727127763e-02 3.613639850790436014e+01 3.099999999999999978e-01
5.020281491745568619e-02 6.976631988946498097e+01 9.517158004546975025e-01 1.095708759364076405e-02 4.274768623788748556e+01 3.300000000000000155e-01
5.352546158525996883e-02 6.869676743477933201e+01 9.787928645979465658e-01 1.062563773241329695e-02 4.864899755146083749e+01 3.500000000000000333e-01
5.643715725753228885e-02 6.759852728421208212e+01 1.000674391901673621e+00 1.051275587663911409e-02 5.465569797037490929e+01 3.699999999999999956e-01
5.903906332221732500e-02 6.651159297935470249e+01 1.020022571508011122e+00 1.056173867062962408e-02 6.101262332565475077e+01 3.900000000000000133e-01
6.185942483102324640e-02 6.540208647012202903e+01 1.032586279008588459e+00 1.066382528964399112e-02 6.812520837329047652e+01 4.099999999999999756e-01
7.914439310553833540e-02 6.296253083080584645e+01 8.972927239991901338e-01 9.271271715574220737e-03 8.321145847871586909e+01 4.299999999999999933e-01
9.147115680649131608e-02 6.122459937986851486e+01 8.415689236860209865e-01 8.408594587859209366e-03 9.704917620862462968e+01 4.500000000000000111e-01
9.694374747641361367e-02 5.997658523286757060e+01 8.369501001984279709e-01 8.126655423642816997e-03 1.083059507796511696e+02 4.699999999999999734e-01
1.013592654597356285e-01 5.882161873167235910e+01 8.372930617185215807e-01 7.924992077003607110e-03 1.197806572481815550e+02 4.899999999999999911e-01
1.040574657920970147e-01 5.780507400317399203e+01 8.464230295848411689e-01 7.837094537952385073e-03 1.311717557016627325e+02 5.100000000000000089e-01
1.048858538432392296e-01 5.690619406033741967e+01 8.635219908755000784e-01 7.860155994376873123e-03 1.418574899935205735e+02 5.300000000000000266e-01
1.080883452184953214e-01 5.584591644272231292e+01 8.622194465381425310e-01 7.724716411933112148e-03 1.540549560153756090e+02 5.500000000000000444e-01
1.099946998246110058e-01 5.486413340982026909e+01 8.653640113687660618e-01 7.649210698659359570e-03 1.655667844287063701e+02 5.700000000000000622e-01
1.167439106118550590e-01 5.359573654859206471e+01 8.366669822270498269e-01 7.278320262316899554e-03 1.798228862362165046e+02 5.900000000000000799e-01
1.166254376234746037e-01 5.275592082520932280e+01 8.472044707053810741e-01 7.289186890933974615e-03 1.909067167537644423e+02 6.099999999999999867e-01
1.166170827779739877e-01 5.190606803728629615e+01 8.540749706478996117e-01 7.281803378637225627e-03 2.019045957076722289e+02 6.299999999999998934e-01
1.156661187570539318e-01 5.111060661578046904e+01 8.638171352041270623e-01 7.316021384793497222e-03 2.122116697937531455e+02 6.499999999999999112e-01
1.146609125600617785e-01 5.031711826766792939e+01 8.711888363348985198e-01 7.341605343521459721e-03 2.222243142762359582e+02 6.699999999999999289e-01
1.139375382117412822e-01 4.950830486453773460e+01 8.743744670018629428e-01 7.339274423656552346e-03 2.322373769392412157e+02 6.899999999999999467e-01
1.129304187779995999e-01 4.871286471654320138e+01 8.764749924428101302e-01 7.336952254493124374e-03 2.416486245594579430e+02 7.099999999999999645e-01
1.116111207531785138e-01 4.793173494851728123e+01 8.776453916791351340e-01 7.335718779999912502e-03 2.503252398002013024e+02 7.299999999999999822e-01
1.099714969593011543e-01 4.716415641314060281e+01 8.778669989700277343e-01 7.335492419079082949e-03 2.581297293715571186e+02 7.500000000000000000e-01
1.080001445031602836e-01 4.640888135967546191e+01 8.770727449403097342e-01 7.336333095674556388e-03 2.648949718523036836e+02 7.700000000000000178e-01
1.056834662300519673e-01 4.566398357491615201e+01 8.751256741204156420e-01 7.338405952123087939e-03 2.704193923496772527e+02 7.900000000000000355e-01
1.029947801105910443e-01 4.492698985137123202e+01 8.718392514701357454e-01 7.342456938620369605e-03 2.744333384929337285e+02 8.099999999999998312e-01
1.005330712199161008e-01 4.415666854880660708e+01 8.629335085592643173e-01 7.312838400003456897e-03 2.774377107561650746e+02 8.299999999999998490e-01
9.790305021783064776e-02 4.336771002943079623e+01 8.500401892525466518e-01 7.272889323238302707e-03 2.786660037244290038e+02 8.499999999999998668e-01
9.416734001407038590e-02 4.261046483184474454e+01 8.383906856734335555e-01 7.281431035023009334e-03 2.766020830667083032e+02 8.699999999999998845e-01
8.493352927438813094e-02 4.224416835680961668e+01 8.624610259785460142e-01 7.663866613137032546e-03 2.667217704978140205e+02 8.899999999999999023e-01
7.801660616113022251e-02 4.165662503702737496e+01 8.608704559392286182e-01 7.853038912940885768e-03 2.553610378101618892e+02 9.099999999999999201e-01
7.205267614034181756e-02 4.085995875597343030e+01 8.359322865028471217e-01 7.926875597688539180e-03 2.403125004450263305e+02 9.299999999999999378e-01
5.981657536250496732e-02 4.058198129108161822e+01 8.527448881379953161e-01 8.617929004982224570e-03 2.121371037608497545e+02 9.499999999999999556e-01
3.783012062451865387e-02 4.157065046553463361e+01 1.019260987299710264e+00 1.055934841659967628e-02 1.626940103227167924e+02 9.699999999999999734e-01
2.772854347257073040e-02 3.949298634722668311e+01 8.676950017601839926e-01 1.141771881979660071e-02 1.165612270975072562e+02 9.899999999999999911e-01
