0.000000000000000000e+00 1.566938806510603452e-02 5.414479043974677097e+01
0.000000000000000000e+00 7.402794158351662379e-02 4.541278854542262877e+01
0.000000000000000000e+00 7.746145813974467109e-02 4.555733066299064404e+01
0.000000000000000000e+00 7.927584320395821005e-02 4.583691273520270215e+01
0.000000000000000000e+00 8.180105245134859648e-02 4.580719120060699368e+01
0.000000000000000000e+00 8.489591983058075719e-02 4.539215620158761766e+01
0.000000000000000000e+00 8.875482473317521104e-02 4.465420223219047813e+01
0.000000000000000000e+00 9.215662037335044243e-02 4.385281541948634754e+01
0.000000000000000000e+00 9.500036696903865763e-02 4.305597742800995320e+01
0.000000000000000000e+00 9.744034258024762696e-02 4.227527802166974880e+01
0.000000000000000000e+00 9.973567574567886174e-02 4.150025465645524037e+01
0.000000000000000000e+00 1.027547579694488983e-01 4.067597929732226447e+01
0.000000000000000000e+00 1.256373554512778823e-01 3.851469901676978935e+01
0.000000000000000000e+00 1.335438064008400427e-01 3.745492138041863939e+01
0.000000000000000000e+00 1.387530207590549625e-01 3.653943849639821906e+01
0.000000000000000000e+00 1.417567222042697417e-01 3.572900174017325980e+01
0.000000000000000000e+00 1.424838669569835070e-01 3.506372207201827962e+01
0.000000000000000000e+00 1.448573383846614437e-01 3.430437860876821077e+01
0.000000000000000000e+00 1.440271321625610501e-01 3.374124280197844428e+01
0.000000000000000000e+00 1.441117899880372255e-01 3.313272469848502766e+01
0.000000000000000000e+00 1.431718479841475877e-01 3.258729039531596072e+01
0.000000000000000000e+00 1.417949839870961404e-01 3.207408198381941133e+01
0.000000000000000000e+00 1.399719098391338512e-01 3.159197212165035751e+01
0.000000000000000000e+00 1.381102006704002239e-01 3.112214349399381419e+01
0.000000000000000000e+00 1.362089684206068685e-01 3.066573860626267489e+01
0.000000000000000000e+00 1.372234105506206503e-01 3.005714991816054749e+01
0.000000000000000000e+00 1.362799952768846135e-01 2.956675363621521768e+01
0.000000000000000000e+00 1.350439449503622602e-01 2.910202906649958265e+01
0.000000000000000000e+00 1.336981699089294928e-01 2.865388435101958819e+01
0.000000000000000000e+00 1.321452196926828637e-01 2.822845097053103558e+01
0.000000000000000000e+00 1.304370854508463129e-01 2.782344011180115828e+01
0.000000000000000000e+00 1.287097142938142535e-01 2.743080808239065149e+01
0.000000000000000000e+00 1.269727832095224052e-01 2.704977308289656079e+01
0.000000000000000000e+00 1.285298765622988060e-01 2.648518639121037666e+01
0.000000000000000000e+00 1.267177004545423924e-01 2.612830496913303335e+01
0.000000000000000000e+00 1.249177374389338763e-01 2.578070970711231880e+01
0.000000000000000000e+00 1.231319683129447895e-01 2.544201942102817071e+01
0.000000000000000000e+00 1.213617644674253038e-01 2.511186126804938112e+01
0.000000000000000000e+00 1.229188399514025837e-01 2.459158794545408355e+01
0.000000000000000000e+00 1.211065767993860093e-01 2.427933408682142513e+01
0.000000000000000000e+00 1.193212466529277177e-01 2.397403046341969457e+01
0.000000000000000000e+00 1.175618345136693055e-01 2.367535807459247366e+01
0.000000000000000000e+00 1.158274445091345001e-01 2.338298881459424550e+01
0.000000000000000000e+00 1.141166570094916399e-01 2.309659437595133724e+01
0.000000000000000000e+00 1.124286887966136350e-01 2.281585136908184808e+01
0.000000000000000000e+00 1.107622665137327628e-01 2.254043066394577721e+01
0.000000000000000000e+00 1.091162117564181827e-01 2.227000174194702709e+01
0.000000000000000000e+00 1.074893309698968097e-01 2.200423358912821925e+01
0.000000000000000000e+00 1.029324717180110094e-01 2.194449764916655710e+01
0.000000000000000000e+00 1.013300049269189873e-01 2.169040071389061808e+01
0.000000000000000000e+00 9.973305815704959498e-02 2.144063244100142640e+01
0.000000000000000000e+00 9.813946106908766343e-02 2.119490502168753565e+01
0.000000000000000000e+00 9.398352713913195322e-02 2.114974748938224280e+01
0.000000000000000000e+00 9.239333023195962780e-02 2.091593654312463002e+01
0.000000000000000000e+00 9.079296400213060503e-02 2.068662992629601405e+01
0.000000000000000000e+00 8.917694189967506624e-02 2.046198105996345618e+01
0.000000000000000000e+00 8.737780780978943174e-02 2.025574048351043288e+01
0.000000000000000000e+00 8.552887853467582013e-02 2.005598588232169277e+01
0.000000000000000000e+00 8.352445542033265502e-02 1.987114092034649815e+01
0.000000000000000000e+00 8.151021118510169694e-02 1.968681428984530868e+01
0.000000000000000000e+00 7.860437712446941005e-02 1.958434883080083821e+01
0.000000000000000000e+00 7.720978063061162411e-02 1.934745259228686720e+01
0.000000000000000000e+00 7.579189664246152591e-02 1.911082647926601652e+01
0.000000000000000000e+00 7.429626019169423279e-02 1.887568859290461631e+01
0.000000000000000000e+00 7.258919993468868070e-02 1.865476210851633709e+01
0.000000000000000000e+00 7.041956906183512166e-02 1.847591540975307112e+01
0.000000000000000000e+00 6.835918008256620937e-02 1.827749679186868548e+01
0.000000000000000000e+00 6.597659301610699079e-02 1.810967677092615702e+01
0.000000000000000000e+00 6.306847524580602715e-02 1.800572350968373669e+01
0.000000000000000000e+00 6.031738838497991556e-02 1.787443814627628313e+01
0.000000000000000000e+00 5.681189944299759598e-02 1.782528015584571790e+01
0.000000000000000000e+00 5.238709892127475787e-02 1.785312069855775263e+01
0.000000000000000000e+00 3.864984774592964550e-02 1.934730087916707930e+01
0.000000000000000000e+00 3.634927929491103826e-02 1.916851088906115308e+01
0.000000000000000000e+00 3.423336753252097936e-02 1.893405940836354873e+01
0.000000000000000000e+00 3.207495362600636113e-02 1.865382963533791383e+01
0.000000000000000000e+00 2.966017356837574726e-02 1.832579307158065518e+01
0.000000000000000000e+00 2.666957449103139061e-02 1.788799782074092093e+01
0.000000000000000000e+00 2.353582060673707274e-02 1.637380281304348273e+01
0.000000000000000000e+00 2.017460222519432481e-02 1.291216152749874801e+01
