0.000000000000000000e+00 1.566827552939521750e-02 5.414363996305871041e+01
0.000000000000000000e+00 7.404145306763625090e-02 4.540999170826302844e+01
0.000000000000000000e+00 7.748564009579547718e-02 4.555294773829819377e+01
0.000000000000000000e+00 7.926312975411059503e-02 4.583629686484198373e+01
0.000000000000000000e+00 8.179519047419334110e-02 4.580564508654116906e+01
0.000000000000000000e+00 8.489110168143058910e-02 4.539053618681320756e+01
0.000000000000000000e+00 8.874606091684500431e-02 4.465306815882080116e+01
0.000000000000000000e+00 9.214739767340635046e-02 4.385165348951229447e+01
0.000000000000000000e+00 9.499057576994786312e-02 4.305481459966203062e+01
0.000000000000000000e+00 9.742928245382788399e-02 4.227416417823344119e+01
0.000000000000000000e+00 9.972416345747477096e-02 4.149906754546633891e+01
0.000000000000000000e+00 1.027346185231536313e-01 4.067536350914925691e+01
0.000000000000000000e+00 1.255300980565042523e-01 3.851917450925274977e+01
0.000000000000000000e+00 1.334989826922058642e-01 3.745547398191430943e+01
0.000000000000000000e+00 1.387290028887769311e-01 3.653875647049075326e+01
0.000000000000000000e+00 1.417335720069078098e-01 3.572827931455133665e+01
0.000000000000000000e+00 1.424652151021132684e-01 3.506269636807297019e+01
0.000000000000000000e+00 1.448421551498845772e-01 3.430310959085823441e+01
0.000000000000000000e+00 1.440131152224958799e-01 3.373988176956841301e+01
0.000000000000000000e+00 1.440849159992600159e-01 3.313209699647007511e+01
0.000000000000000000e+00 1.431559128908543588e-01 3.258606540553395803e+01
0.000000000000000000e+00 1.417855462302821945e-01 3.207247377007287525e+01
0.000000000000000000e+00 1.399610447598605145e-01 3.159048498442787078e+01
0.000000000000000000e+00 1.380995649517958723e-01 3.112063716462440155e+01
0.000000000000000000e+00 1.361986119456771172e-01 3.066421169974004357e+01
0.000000000000000000e+00 1.372001480498343529e-01 3.005632030561368140e+01
0.000000000000000000e+00 1.362508621869372716e-01 2.956630590131879188e+01
0.000000000000000000e+00 1.350196380901156901e-01 2.910134448880809543e+01
0.000000000000000000e+00 1.336794698974866080e-01 2.865283260809519561e+01
0.000000000000000000e+00 1.321289444927971068e-01 2.822732126684690712e+01
0.000000000000000000e+00 1.304200252612596478e-01 2.782230436318033995e+01
0.000000000000000000e+00 1.286945384409403648e-01 2.742967033122427623e+01
0.000000000000000000e+00 1.303376272630206723e-01 2.685046815541465293e+01
0.000000000000000000e+00 1.285161540512672340e-01 2.648391143828112959e+01
0.000000000000000000e+00 1.267045774956898074e-01 2.612705222951099060e+01
0.000000000000000000e+00 1.249048166820783540e-01 2.577946016116320394e+01
0.000000000000000000e+00 1.231049135610494949e-01 2.544175958883070976e+01
0.000000000000000000e+00 1.247491267247367308e-01 2.490965810196065178e+01
0.000000000000000000e+00 1.229079473272991635e-01 2.459006823764865146e+01
0.000000000000000000e+00 1.210982363707009679e-01 2.427779126815564936e+01
0.000000000000000000e+00 1.193137754829397407e-01 2.397239022618939330e+01
0.000000000000000000e+00 1.175533759977166470e-01 2.367385212801423577e+01
0.000000000000000000e+00 1.158178287881311275e-01 2.338158224846548094e+01
0.000000000000000000e+00 1.141077713977670660e-01 2.309520915043373890e+01
0.000000000000000000e+00 1.124191654539349605e-01 2.281443647692385923e+01
0.000000000000000000e+00 1.107540010244878331e-01 2.253909090970953955e+01
0.000000000000000000e+00 1.091072705180079067e-01 2.226862273287913752e+01
0.000000000000000000e+00 1.074799266147928312e-01 2.200282291825855197e+01
0.000000000000000000e+00 1.058718855012168863e-01 2.174141017231821493e+01
0.000000000000000000e+00 1.013195159927300637e-01 2.168925869762444592e+01
0.000000000000000000e+00 9.972441262395319306e-02 2.143923846467523475e+01
0.000000000000000000e+00 9.812873507549702001e-02 2.119372392763572677e+01
0.000000000000000000e+00 9.397282524316660779e-02 2.114864954113148343e+01
0.000000000000000000e+00 9.238200992354508867e-02 2.091497248431417688e+01
0.000000000000000000e+00 9.078147179932281874e-02 2.068566110510979428e+01
0.000000000000000000e+00 8.916559400141282898e-02 2.046107009521425013e+01
0.000000000000000000e+00 8.736265968245346403e-02 2.025523855261749162e+01
0.000000000000000000e+00 8.551437381405944949e-02 2.005543460813769130e+01
0.000000000000000000e+00 8.350654738224388973e-02 1.987076719530928415e+01
0.000000000000000000e+00 8.149648799184458503e-02 1.968613831756222865e+01
0.000000000000000000e+00 7.859812700657485551e-02 1.958309306359440427e+01
0.000000000000000000e+00 7.720386483175202541e-02 1.934618940193074010e+01
0.000000000000000000e+00 7.578589342409042251e-02 1.910965487028890664e+01
0.000000000000000000e+00 7.428745328589324293e-02 1.887482981559535844e+01
0.000000000000000000e+00 7.258122451133842967e-02 1.865377440673832155e+01
0.000000000000000000e+00 7.040487231373326882e-02 1.847551509506818235e+01
0.000000000000000000e+00 6.835212988095734632e-02 1.827651740102361444e+01
0.000000000000000000e+00 6.594332776231023874e-02 1.811174123335765174e+01
0.000000000000000000e+00 6.305885201656591388e-02 1.800490251497635441e+01
0.000000000000000000e+00 6.030331548253289181e-02 1.787450936613150887e+01
0.000000000000000000e+00 5.679594335869330574e-02 1.782547272257858140e+01
0.000000000000000000e+00 5.237596943701824243e-02 1.785265213534512441e+01
0.000000000000000000e+00 3.864216110958027667e-02 1.934690928200643967e+01
0.000000000000000000e+00 3.634438088045419124e-02 1.916784541128240349e+01
0.000000000000000000e+00 3.422884459986278577e-02 1.893334382511107350e+01
0.000000000000000000e+00 3.207113053374811840e-02 1.865305630091812716e+01
0.000000000000000000e+00 2.965687340751678447e-02 1.832504899797593723e+01
0.000000000000000000e+00 2.666671492970475177e-02 1.788720341810246595e+01
0.000000000000000000e+00 2.353456415813283756e-02 1.637163175639982171e+01
0.000000000000000000e+00 2.017365686829051749e-02 1.291119321627864025e+01
