2.581452097378193408e-02 7.574548212524609880e+01 3.722513639388433382e-01 1.302142946695734882e-02 1.775705921366967743e+01 2.100000000000000200e-01
3.049829153724909619e-02 7.479897114315760120e+01 4.491937861879958249e-01 1.009900373107703447e-02 1.834076659811897159e+01 2.300000000000000100e-01
3.275370045121429874e-02 7.415909280039117846e+01 5.208277797675727738e-01 9.843748143602145187e-03 2.068743819112097526e+01 2.500000000000000000e-01
3.448363472527393031e-02 7.400249451628782538e+01 6.215242848856873392e-01 1.046960777225038400e-02 2.569235484786805657e+01 2.700000000000000178e-01
3.668033748872309707e-02 7.470526043173202879e+01 7.829220189178541789e-01 1.138815407180332299e-02 3.630089269513150896e+01 2.900000000000000355e-01
3.967735890270487897e-02 7.492310079728224537e+01 9.014322079449986758e-01 1.123514747539757115e-02 4.713632783113324365e+01 3.099999999999999978e-01
4.254552829532641522e-02 7.437580491977240627e+01 9.585983483348209377e-01 1.086407236817421920e-02 5.502872072573590145e+01 3.300000000000000155e-01
4.560561639470980116e-02 7.348106086701056938e+01 9.852879445689740612e-01 1.057507492863974177e-02 6.214790483204694027e+01 3.500000000000000333e-01
4.835947643708491533e-02 7.255777361549544935e+01 1.007637009917415227e+00 1.051472311705663014e-02 6.949226544534178629e+01 3.699999999999999956e-01
5.109951905227118341e-02 7.162190097178041981e+01 1.025786923754710367e+00 1.059661691011660675e-02 7.761719530225481378e+01 3.900000000000000133e-01
5.436837923818554907e-02 7.063842719442091322e+01 1.035066830930446269e+00 1.071141447635312605e-02 8.725110229011286833e+01 4.099999999999999756e-01
7.808133513212896226e-02 6.775223948892947590e+01 8.430814187877692101e-01 8.451109790834500368e-03 1.137921871534147016e+02 4.299999999999999933e-01
8.446569994590362451e-02 6.658774121022599957e+01 8.385055041383889796e-01 8.112794022060684437e-03 1.288699939507507963e+02 4.500000000000000111e-01
8.951213936944023286e-02 6.554682921427954057e+01 8.423973893963400128e-01 7.900098507902502537e-03 1.441254869665420415e+02 4.699999999999999734e-01
9.246840157883184919e-02 6.466974980920078053e+01 8.583864273860032368e-01 7.846819350491187825e-03 1.588436647489453435e+02 4.899999999999999911e-01
9.667066814380809170e-02 6.368379448020439071e+01 8.616723565096215953e-01 7.707855203107590210e-03 1.749413575585125216e+02 5.100000000000000089e-01
1.053990320177212170e-01 6.238519302550456302e+01 8.313712036723881482e-01 7.269139046307626986e-03 1.941693587018696405e+02 5.300000000000000266e-01
1.067301947837117349e-01 6.159897961389731336e+01 8.482845797080444950e-01 7.283317072636061318e-03 2.095325862498303309e+02 5.500000000000000444e-01
1.075793866403612492e-01 6.082505789014044950e+01 8.645327340847905884e-01 7.318448482937478169e-03 2.246012468099896751e+02 5.700000000000000622e-01
1.086692112674872701e-01 6.002858818654137707e+01 8.763576873846555815e-01 7.337072771864478621e-03 2.401658642670482493e+02 5.900000000000000799e-01
1.099239459361518456e-01 5.921160935786924284e+01 8.840404132113836022e-01 7.335139544664835871e-03 2.559984034944014013e+02 6.099999999999999867e-01
1.107676173879727360e-01 5.841341489838721657e+01 8.915609105809331192e-01 7.346120651964783629e-03 2.716737153338899589e+02 6.299999999999998934e-01
1.115091662849579113e-01 5.762352920081229968e+01 8.976652398628880425e-01 7.353156854053601726e-03 2.877510546941071539e+02 6.499999999999999112e-01
1.129756604411616544e-01 5.678139775003406697e+01 8.963790182180635391e-01 7.302011076295467085e-03 3.045715861230286237e+02 6.699999999999999289e-01
1.127052954707745969e-01 5.602615737708492816e+01 9.023919089129255333e-01 7.323349756256850376e-03 3.190516400457822783e+02 6.899999999999999467e-01
1.150953825215245002e-01 5.513715812954165330e+01 8.916327893005179250e-01 7.199674252215611768e-03 3.379646504488806613e+02 7.099999999999999645e-01
1.143225621298732397e-01 5.438643986329103086e+01 8.943772018054519934e-01 7.203413512117510381e-03 3.510177065998575472e+02 7.299999999999999822e-01
1.132248569803369076e-01 5.363992504773809600e+01 8.957622737430441795e-01 7.205533119649566373e-03 3.628540171356074211e+02 7.500000000000000000e-01
1.117960053941653431e-01 5.289656539842680161e+01 8.956913603449710992e-01 7.205420463969101560e-03 3.732651398000193126e+02 7.700000000000000178e-01
1.100171423272084809e-01 5.215469568556558499e+01 8.940240025795015422e-01 7.202899342122324848e-03 3.819597096892949821e+02 7.900000000000000355e-01
1.056319828677877853e-01 5.152586909450648278e+01 9.031745040060656926e-01 7.311612011247328909e-03 3.838770382583785477e+02 8.099999999999998312e-01
1.027441449000261048e-01 5.079540980595690058e+01 8.995219964003513535e-01 7.312939260263210360e-03 3.868715849792840800e+02 8.299999999999998490e-01
9.873550849452601696e-02 5.010828443744817662e+01 8.986175827296537522e-01 7.353719146339871525e-03 3.860800951042572251e+02 8.499999999999998668e-01
9.491957072243983884e-02 4.936318400187565203e+01 8.900469288631959186e-01 7.344472530127129153e-03 3.826815217861129668e+02 8.699999999999998845e-01
9.065799048372101543e-02 4.860574573200324267e+01 8.780052668044994180e-01 7.335353570855865368e-03 3.761669537778107042e+02 8.899999999999999023e-01
8.643235579967073479e-02 4.775534852453834134e+01 8.545613030458524273e-01 7.283464745713968784e-03 3.652158664502282477e+02 9.099999999999999201e-01
7.650325738394110620e-02 4.726432912930820862e+01 8.640385725779671233e-01 7.651890422774892085e-03 3.400929959230124950e+02 9.299999999999999378e-01
6.771620145619379472e-02 4.651406854568030269e+01 8.419020344469398953e-01 7.850113358272157310e-03 3.074359577438500537e+02 9.499999999999999556e-01
4.915391270371671784e-02 4.656745625965074709e+01 8.905885510644153680e-01 9.185613188219697231e-03 2.441358126556813204e+02 9.699999999999999734e-01
2.815619920106476534e-02 4.654335263311777027e+01 9.492069382591352689e-01 1.099366503115652843e-02 1.629212687412996843e+02 9.899999999999999911e-01
