0.000000000000000000e+00 5.311391551899439720e-03 6.947606683951302387e+01
0.000000000000000000e+00 4.561436042554688208e-02 6.017870484760121741e+01
0.000000000000000000e+00 4.931898782526573932e-02 5.957637177428554764e+01
0.000000000000000000e+00 5.138647980487323630e-02 5.925830898136489822e+01
0.000000000000000000e+00 5.276846205906639969e-02 5.926578632703067484e+01
0.000000000000000000e+00 5.404318305607733186e-02 5.941781113313620466e+01
0.000000000000000000e+00 5.581205390434382241e-02 5.939895437729853001e+01
0.000000000000000000e+00 5.823170663750215637e-02 5.899923485555071068e+01
0.000000000000000000e+00 6.049739974678583487e-02 5.844046471219424888e+01
0.000000000000000000e+00 6.314577779308640226e-02 5.768693710945358788e+01
0.000000000000000000e+00 6.553298149874041412e-02 5.691922625378856537e+01
0.000000000000000000e+00 6.767875067137354983e-02 5.615634440578427444e+01
0.000000000000000000e+00 6.964616587798927450e-02 5.540535545296437903e+01
0.000000000000000000e+00 7.173009716650359524e-02 5.464205831058470153e+01
0.000000000000000000e+00 7.400187597635164705e-02 5.386996705714173572e+01
0.000000000000000000e+00 8.728002274203199018e-02 5.214480760871963128e+01
0.000000000000000000e+00 1.000258087295951837e-01 5.062150309241457791e+01
0.000000000000000000e+00 1.057081204809607183e-01 4.965976796455606035e+01
0.000000000000000000e+00 1.094119827721566907e-01 4.881134682686768400e+01
0.000000000000000000e+00 1.112375584277084245e-01 4.811247117909507409e+01
0.000000000000000000e+00 1.141256271246261639e-01 4.733856327306519773e+01
0.000000000000000000e+00 1.156794319962413942e-01 4.666738412085852161e+01
0.000000000000000000e+00 1.162379763028705826e-01 4.606144488937400894e+01
0.000000000000000000e+00 1.160864649117859804e-01 4.549969447162692404e+01
0.000000000000000000e+00 1.156807203586805860e-01 4.495518929455555934e+01
0.000000000000000000e+00 1.182744569197475282e-01 4.422640974568774652e+01
0.000000000000000000e+00 1.191237422364219561e-01 4.360732625817118446e+01
0.000000000000000000e+00 1.192111369084175865e-01 4.304015435360027908e+01
0.000000000000000000e+00 1.221135371840789269e-01 4.230950923559951349e+01
0.000000000000000000e+00 1.249336154649511726e-01 4.159968574727017909e+01
0.000000000000000000e+00 1.240608688041880264e-01 4.110869800663003559e+01
0.000000000000000000e+00 1.234265678388556386e-01 4.060978930564222367e+01
0.000000000000000000e+00 1.229161726742664246e-01 4.010808938372560561e+01
0.000000000000000000e+00 1.219212630173733547e-01 3.963848082899805547e+01
0.000000000000000000e+00 1.207469835668601721e-01 3.918528282492741255e+01
0.000000000000000000e+00 1.195677573174559888e-01 3.873891656023199204e+01
0.000000000000000000e+00 1.183974892114030841e-01 3.829736150029932418e+01
0.000000000000000000e+00 1.172182889649124871e-01 3.786259521736734257e+01
0.000000000000000000e+00 1.161110240718914721e-01 3.743011360738651661e+01
0.000000000000000000e+00 1.150843779004968315e-01 3.699914427632743497e+01
0.000000000000000000e+00 1.140093711657259729e-01 3.657650245655816690e+01
0.000000000000000000e+00 1.128903887854494081e-01 3.616202874355315799e+01
0.000000000000000000e+00 1.117298245383155086e-01 3.575548084501495083e+01
0.000000000000000000e+00 1.105310503823291046e-01 3.535666196679842699e+01
0.000000000000000000e+00 1.092942196810296474e-01 3.496524000880966554e+01
0.000000000000000000e+00 1.080251860265769859e-01 3.458113560107028661e+01
0.000000000000000000e+00 1.067223114766978065e-01 3.420396700831516057e+01
0.000000000000000000e+00 1.053876132973304708e-01 3.383351208785241226e+01
0.000000000000000000e+00 1.040233618304589464e-01 3.346957379539763622e+01
0.000000000000000000e+00 1.026288099735196413e-01 3.311183038289836844e+01
0.000000000000000000e+00 1.012036945268181970e-01 3.275997424579657746e+01
0.000000000000000000e+00 9.975013988370022566e-02 3.241374214127809950e+01
0.000000000000000000e+00 9.826768393113897992e-02 3.207288082694294928e+01
0.000000000000000000e+00 9.678616220823904603e-02 3.173484653807635425e+01
0.000000000000000000e+00 9.544143533936752521e-02 3.139093829328427887e+01
0.000000000000000000e+00 9.409605106616017456e-02 3.104958706484981690e+01
0.000000000000000000e+00 9.276250555902244843e-02 3.070848560561745799e+01
0.000000000000000000e+00 9.143705920721559299e-02 3.036791361809755685e+01
0.000000000000000000e+00 9.011442208582255697e-02 3.002777424427448594e+01
0.000000000000000000e+00 8.837256074418449459e-02 2.971891579685111040e+01
0.000000000000000000e+00 8.658760542853491393e-02 2.941156398945024364e+01
0.000000000000000000e+00 8.510905244895278221e-02 2.907928004674482025e+01
0.000000000000000000e+00 8.118724633829030313e-02 2.894867167827159804e+01
0.000000000000000000e+00 7.728781369327938910e-02 2.883192959985938941e+01
0.000000000000000000e+00 7.534211644542709863e-02 2.854585657431089629e+01
0.000000000000000000e+00 7.287262516212501817e-02 2.830632179746890031e+01
0.000000000000000000e+00 6.953947155974632421e-02 2.814346836233119831e+01
0.000000000000000000e+00 6.803272607559179841e-02 2.779709609072272158e+01
0.000000000000000000e+00 6.624886582962422055e-02 2.746210922268541665e+01
0.000000000000000000e+00 6.358163892742363377e-02 2.720725538027694768e+01
0.000000000000000000e+00 6.118492433113634221e-02 2.690362247484622316e+01
0.000000000000000000e+00 5.753011332837000558e-02 2.675264283666545850e+01
0.000000000000000000e+00 5.348282656777635091e-02 2.664525814908125056e+01
0.000000000000000000e+00 4.617649023584745327e-02 2.690685241953174511e+01
0.000000000000000000e+00 3.477876793837645503e-02 2.804073230178498122e+01
0.000000000000000000e+00 3.241121863662570213e-02 2.770770403068978283e+01
0.000000000000000000e+00 2.997158430715593166e-02 2.731099455326337733e+01
0.000000000000000000e+00 2.703910374161932334e-02 2.683579353655527555e+01
0.000000000000000000e+00 2.349187862436338120e-02 2.570110444781904491e+01
0.000000000000000000e+00 1.979282446499399176e-02 2.178234376904133995e+01
