3.661160450618527323e-02
3.661160450618527323e-02
3.661160450618527323e-02
3.661160450618527323e-02
3.661160450618527323e-02
3.661160450618527323e-02
3.661160450618527323e-02
3.661160450618527323e-02
3.661160450618543977e-02
3.661160450618543977e-02
3.661160450618543977e-02
3.661160450618543977e-02
3.661160450618543977e-02
3.661160450618543977e-02
3.661160450618543977e-02
3.661160450618543977e-02
3.661160450618543977e-02
3.661160450618543977e-02
3.661160450618543977e-02
3.661160450618543977e-02
3.661160450618543977e-02
3.661160450618543977e-02
3.661160450618543977e-02
3.661160450618527323e-02
3.661160450618527323e-02
3.661160450618527323e-02
3.661160450618527323e-02
3.661160450618527323e-02
3.661160450618527323e-02
3.661160450618527323e-02
5.951632553163303113e-02
5.951632553163303113e-02
5.951632553163303113e-02
5.951632553163303113e-02
5.951632553163303113e-02
5.951632553163303113e-02
5.951632553163324624e-02
5.951632553163324624e-02
5.951632553163345440e-02
5.951632553163345440e-02
5.951632553163345440e-02
5.951632553163345440e-02
5.951632553163345440e-02
5.951632553163345440e-02
5.951632553163345440e-02
5.951632553163345440e-02
5.951632553163345440e-02
5.951632553163345440e-02
5.951632553163345440e-02
5.951632553163345440e-02
5.951632553163345440e-02
5.951632553163345440e-02
5.951632553163345440e-02
5.951632553163324624e-02
5.951632553163324624e-02
5.951632553163303113e-02
5.951632553163303113e-02
5.951632553163303113e-02
5.951632553163303113e-02
5.951632553163303113e-02
8.010715340278842800e-02
8.010715340278869168e-02
8.010715340278869168e-02
8.010715340278869168e-02
8.010715340278869168e-02
8.010715340278869168e-02
8.010715340278869168e-02
8.010715340278894148e-02
8.010715340278894148e-02
8.010715340278894148e-02
8.010715340278917740e-02
8.010715340278917740e-02
8.010715340278942720e-02
8.010715340278942720e-02
8.010715340278942720e-02
8.010715340278942720e-02
8.010715340278942720e-02
8.010715340278942720e-02
8.010715340278942720e-02
8.010715340278917740e-02
8.010715340278917740e-02
8.010715340278894148e-02
8.010715340278894148e-02
8.010715340278894148e-02
8.010715340278869168e-02
8.010715340278869168e-02
8.010715340278869168e-02
8.010715340278869168e-02
8.010715340278869168e-02
8.010715340278869168e-02
9.520164987539103674e-02
9.520164987539103674e-02
9.520164987539103674e-02
9.520164987539130041e-02
9.520164987539130041e-02
9.520164987539130041e-02
9.520164987539157797e-02
9.520164987539157797e-02
9.520164987539182777e-02
9.520164987539210533e-02
9.520164987539210533e-02
9.520164987539238288e-02
9.520164987539238288e-02
9.520164987539238288e-02
9.520164987539238288e-02
9.520164987539266044e-02
9.520164987539238288e-02
9.520164987539238288e-02
9.520164987539238288e-02
9.520164987539238288e-02
9.520164987539210533e-02
9.520164987539210533e-02
9.520164987539182777e-02
9.520164987539157797e-02
9.520164987539157797e-02
9.520164987539130041e-02
9.520164987539130041e-02
9.520164987539130041e-02
9.520164987539103674e-02
9.520164987539103674e-02
1.055385237102006435e-01
1.055385237102006435e-01
1.055385237102006435e-01
1.055385237102006435e-01
1.055385237102009349e-01
1.055385237102012125e-01
1.055385237102012125e-01
1.055385237102015039e-01
1.055385237102015039e-01
1.055385237102017537e-01
1.055385237102017537e-01
1.055385237102020590e-01
1.055385237102020590e-01
1.055385237102020590e-01
1.055385237102023366e-01
1.055385237102023366e-01
1.055385237102023366e-01
1.055385237102020590e-01
1.055385237102020590e-01
1.055385237102020590e-01
1.055385237102017537e-01
1.055385237102017537e-01
1.055385237102015039e-01
1.055385237102015039e-01
1.055385237102012125e-01
1.055385237102012125e-01
1.055385237102009349e-01
1.055385237102006435e-01
1.055385237102006435e-01
1.055385237102006435e-01
1.118597672636551521e-01
1.118597672636551521e-01
1.118597672636554297e-01
1.118597672636554297e-01
1.118597672636554297e-01
1.118597672636557350e-01
1.118597672636557350e-01
1.118597672636559986e-01
1.118597672636562901e-01
1.118597672636562901e-01
1.118597672636565954e-01
1.118597672636568729e-01
1.118597672636568729e-01
1.118597672636568729e-01
1.118597672636568729e-01
1.118597672636568729e-01
1.118597672636568729e-01
1.118597672636568729e-01
1.118597672636568729e-01
1.118597672636568729e-01
1.118597672636565954e-01
1.118597672636562901e-01
1.118597672636562901e-01
1.118597672636559986e-01
1.118597672636557350e-01
1.118597672636557350e-01
1.118597672636554297e-01
1.118597672636554297e-01
1.118597672636554297e-01
1.118597672636551521e-01
1.147355486137953129e-01
1.147355486137953129e-01
1.147355486137953129e-01
1.147355486137956043e-01
1.147355486137958958e-01
1.147355486137958958e-01
1.147355486137961872e-01
1.147355486137964786e-01
1.147355486137964786e-01
1.147355486137967701e-01
1.147355486137970615e-01
1.147355486137970615e-01
1.147355486137973529e-01
1.147355486137973529e-01
1.147355486137973529e-01
1.147355486137973529e-01
1.147355486137973529e-01
1.147355486137973529e-01
1.147355486137973529e-01
1.147355486137970615e-01
1.147355486137970615e-01
1.147355486137967701e-01
1.147355486137964786e-01
1.147355486137964786e-01
1.147355486137961872e-01
1.147355486137958958e-01
1.147355486137958958e-01
1.147355486137956043e-01
1.147355486137953129e-01
1.147355486137953129e-01
1.146966333917970871e-01
1.146966333917970871e-01
1.146966333917970871e-01
1.146966333917970871e-01
1.146966333917973924e-01
1.146966333917976838e-01
1.146966333917976838e-01
1.146966333917979475e-01
1.146966333917982667e-01
1.146966333917985581e-01
1.146966333917985581e-01
1.146966333917988634e-01
1.146966333917991410e-01
1.146966333917991410e-01
1.146966333917991410e-01
1.146966333917994324e-01
1.146966333917991410e-01
1.146966333917991410e-01
1.146966333917991410e-01
1.146966333917988634e-01
1.146966333917985581e-01
1.146966333917985581e-01
1.146966333917982667e-01
1.146966333917979475e-01
1.146966333917976838e-01
1.146966333917976838e-01
1.146966333917973924e-01
1.146966333917970871e-01
1.146966333917970871e-01
1.146966333917970871e-01
1.122227115105768891e-01
1.122227115105768891e-01
1.122227115105768891e-01
1.122227115105771805e-01
1.122227115105771805e-01
1.122227115105774720e-01
1.122227115105777634e-01
1.122227115105780687e-01
1.122227115105783601e-01
1.122227115105783601e-01
1.122227115105786516e-01
1.122227115105789430e-01
1.122227115105792483e-01
1.122227115105792483e-01
1.122227115105792483e-01
1.122227115105792483e-01
1.122227115105792483e-01
1.122227115105792483e-01
1.122227115105792483e-01
1.122227115105789430e-01
1.122227115105786516e-01
1.122227115105783601e-01
1.122227115105783601e-01
1.122227115105780687e-01
1.122227115105777634e-01
1.122227115105774720e-01
1.122227115105771805e-01
1.122227115105771805e-01
1.122227115105768891e-01
1.122227115105768891e-01
1.077385158020005146e-01
1.077385158020005146e-01
1.077385158020008199e-01
1.077385158020011113e-01
1.077385158020011113e-01
1.077385158020014028e-01
1.077385158020017220e-01
1.077385158020017220e-01
1.077385158020019856e-01
1.077385158020025546e-01
1.077385158020025546e-01
1.077385158020028599e-01
1.077385158020031514e-01
1.077385158020031514e-01
1.077385158020031514e-01
1.077385158020031514e-01
1.077385158020031514e-01
1.077385158020031514e-01
1.077385158020031514e-01
1.077385158020028599e-01
1.077385158020025546e-01
1.077385158020025546e-01
1.077385158020019856e-01
1.077385158020017220e-01
1.077385158020017220e-01
1.077385158020014028e-01
1.077385158020011113e-01
1.077385158020011113e-01
1.077385158020008199e-01
1.077385158020005146e-01
1.016509098279194251e-01
1.016509098279194251e-01
1.016509098279194251e-01
1.016509098279194251e-01
1.016509098279197026e-01
1.016509098279197026e-01
1.016509098279202855e-01
1.016509098279205631e-01
1.016509098279208406e-01
1.016509098279208406e-01
1.016509098279214096e-01
1.016509098279214096e-01
1.016509098279217149e-01
1.016509098279217149e-01
1.016509098279219925e-01
1.016509098279219925e-01
1.016509098279219925e-01
1.016509098279217149e-01
1.016509098279217149e-01
1.016509098279214096e-01
1.016509098279214096e-01
1.016509098279208406e-01
1.016509098279208406e-01
1.016509098279205631e-01
1.016509098279202855e-01
1.016509098279197026e-01
1.016509098279197026e-01
1.016509098279194251e-01
1.016509098279194251e-01
1.016509098279194251e-01
9.429780956513719725e-02
9.429780956513719725e-02
9.429780956513748869e-02
9.429780956513748869e-02
9.429780956513748869e-02
9.429780956513775236e-02
9.429780956513832135e-02
9.429780956513832135e-02
9.429780956513859891e-02
9.429780956513889034e-02
9.429780956513943158e-02
9.429780956513943158e-02
9.429780956513969525e-02
9.429780956513969525e-02
9.429780956513997281e-02
9.429780956513997281e-02
9.429780956513997281e-02
9.429780956513969525e-02
9.429780956513969525e-02
9.429780956513943158e-02
9.429780956513943158e-02
9.429780956513889034e-02
9.429780956513859891e-02
9.429780956513832135e-02
9.429780956513832135e-02
9.429780956513775236e-02
9.429780956513748869e-02
9.429780956513748869e-02
9.429780956513748869e-02
9.429780956513719725e-02
8.598636490599086135e-02
8.598636490599086135e-02
8.598636490599086135e-02
8.598636490599112503e-02
8.598636490599112503e-02
8.598636490599138871e-02
8.598636490599165239e-02
8.598636490599219362e-02
8.598636490599219362e-02
8.598636490599273485e-02
8.598636490599273485e-02
8.598636490599301241e-02
8.598636490599327609e-02
8.598636490599353976e-02
8.598636490599353976e-02
8.598636490599353976e-02
8.598636490599353976e-02
8.598636490599353976e-02
8.598636490599327609e-02
8.598636490599301241e-02
8.598636490599273485e-02
8.598636490599273485e-02
8.598636490599219362e-02
8.598636490599219362e-02
8.598636490599165239e-02
8.598636490599138871e-02
8.598636490599112503e-02
8.598636490599112503e-02
8.598636490599086135e-02
8.598636490599086135e-02
7.702903013570222557e-02
7.702903013570222557e-02
7.702903013570246149e-02
7.702903013570246149e-02
7.702903013570273905e-02
7.702903013570297497e-02
7.702903013570297497e-02
7.702903013570348845e-02
7.702903013570375212e-02
7.702903013570400192e-02
7.702903013570425172e-02
7.702903013570451540e-02
7.702903013570475133e-02
7.702903013570475133e-02
7.702903013570475133e-02
7.702903013570475133e-02
7.702903013570475133e-02
7.702903013570475133e-02
7.702903013570475133e-02
7.702903013570451540e-02
7.702903013570425172e-02
7.702903013570400192e-02
7.702903013570375212e-02
7.702903013570348845e-02
7.702903013570297497e-02
7.702903013570297497e-02
7.702903013570273905e-02
7.702903013570246149e-02
7.702903013570246149e-02
7.702903013570222557e-02
6.777049212615161855e-02
6.777049212615161855e-02
6.777049212615185447e-02
6.777049212615185447e-02
6.777049212615210427e-02
6.777049212615234020e-02
6.777049212615234020e-02
6.777049212615257612e-02
6.777049212615304796e-02
6.777049212615328388e-02
6.777049212615351981e-02
6.777049212615375573e-02
6.777049212615400553e-02
6.777049212615400553e-02
6.777049212615422757e-02
6.777049212615422757e-02
6.777049212615422757e-02
6.777049212615400553e-02
6.777049212615400553e-02
6.777049212615375573e-02
6.777049212615351981e-02
6.777049212615328388e-02
6.777049212615304796e-02
6.777049212615257612e-02
6.777049212615234020e-02
6.777049212615234020e-02
6.777049212615210427e-02
6.777049212615185447e-02
6.777049212615185447e-02
6.777049212615161855e-02
5.863084903266501530e-02
5.863084903266501530e-02
5.863084903266521652e-02
5.863084903266521652e-02
5.863084903266543857e-02
5.863084903266567449e-02
5.863084903266586878e-02
5.863084903266610470e-02
5.863084903266631287e-02
5.863084903266652104e-02
5.863084903266675696e-02
5.863084903266719411e-02
5.863084903266719411e-02
5.863084903266740228e-02
5.863084903266740228e-02
5.863084903266740228e-02
5.863084903266740228e-02
5.863084903266740228e-02
5.863084903266719411e-02
5.863084903266719411e-02
5.863084903266675696e-02
5.863084903266652104e-02
5.863084903266631287e-02
5.863084903266610470e-02
5.863084903266586878e-02
5.863084903266567449e-02
5.863084903266543857e-02
5.863084903266521652e-02
5.863084903266521652e-02
5.863084903266501530e-02
4.994156225765544743e-02
4.994156225765563478e-02
4.994156225765563478e-02
4.994156225765563478e-02
4.994156225765583601e-02
4.994156225765603030e-02
4.994156225765622459e-02
4.994156225765641888e-02
4.994156225765680746e-02
4.994156225765700868e-02
4.994156225765720297e-02
4.994156225765739032e-02
4.994156225765759155e-02
4.994156225765759155e-02
4.994156225765759155e-02
4.994156225765759155e-02
4.994156225765759155e-02
4.994156225765759155e-02
4.994156225765759155e-02
4.994156225765739032e-02
4.994156225765720297e-02
4.994156225765700868e-02
4.994156225765680746e-02
4.994156225765641888e-02
4.994156225765622459e-02
4.994156225765603030e-02
4.994156225765583601e-02
4.994156225765563478e-02
4.994156225765563478e-02
4.994156225765563478e-02
4.187708162059154693e-02
4.187708162059154693e-02
4.187708162059171346e-02
4.187708162059188693e-02
4.187708162059188693e-02
4.187708162059222694e-02
4.187708162059222694e-02
4.187708162059239347e-02
4.187708162059274736e-02
4.187708162059291389e-02
4.187708162059308042e-02
4.187708162059325390e-02
4.187708162059343431e-02
4.187708162059343431e-02
4.187708162059360084e-02
4.187708162059360084e-02
4.187708162059360084e-02
4.187708162059343431e-02
4.187708162059343431e-02
4.187708162059325390e-02
4.187708162059308042e-02
4.187708162059291389e-02
4.187708162059274736e-02
4.187708162059239347e-02
4.187708162059222694e-02
4.187708162059222694e-02
4.187708162059188693e-02
4.187708162059188693e-02
4.187708162059171346e-02
4.187708162059154693e-02
3.454794296046881374e-02
3.454794296046895946e-02
3.454794296046911212e-02
3.454794296046911212e-02
3.454794296046926477e-02
3.454794296046926477e-02
3.454794296046955621e-02
3.454794296046955621e-02
3.454794296046985458e-02
3.454794296047000723e-02
3.454794296047015989e-02
3.454794296047031255e-02
3.454794296047044438e-02
3.454794296047059704e-02
3.454794296047059704e-02
3.454794296047059704e-02
3.454794296047059704e-02
3.454794296047059704e-02
3.454794296047044438e-02
3.454794296047031255e-02
3.454794296047015989e-02
3.454794296047000723e-02
3.454794296046985458e-02
3.454794296046955621e-02
3.454794296046955621e-02
3.454794296046926477e-02
3.454794296046926477e-02
3.454794296046911212e-02
3.454794296046911212e-02
3.454794296046895946e-02
2.809784980172343530e-02
2.809784980172343530e-02
2.809784980172356020e-02
2.809784980172368857e-02
2.809784980172368857e-02
2.809784980172393143e-02
2.809784980172393143e-02
2.809784980172418123e-02
2.809784980172430960e-02
2.809784980172443797e-02
2.809784980172455593e-02
2.809784980172468430e-02
2.809784980172480920e-02
2.809784980172492716e-02
2.809784980172492716e-02
2.809784980172492716e-02
2.809784980172492716e-02
2.809784980172492716e-02
2.809784980172480920e-02
2.809784980172468430e-02
2.809784980172455593e-02
2.809784980172443797e-02
2.809784980172430960e-02
2.809784980172418123e-02
2.809784980172393143e-02
2.809784980172393143e-02
2.809784980172368857e-02
2.809784980172368857e-02
2.809784980172356020e-02
2.809784980172343530e-02
2.268554951747737275e-02
2.268554951747737275e-02
2.268554951747737275e-02
2.268554951747746642e-02
2.268554951747757051e-02
2.268554951747767459e-02
2.268554951747767459e-02
2.268554951747787235e-02
2.268554951747796603e-02
2.268554951747806317e-02
2.268554951747826787e-02
2.268554951747826787e-02
2.268554951747837195e-02
2.268554951747837195e-02
2.268554951747847256e-02
2.268554951747847256e-02
2.268554951747847256e-02
2.268554951747837195e-02
2.268554951747837195e-02
2.268554951747826787e-02
2.268554951747826787e-02
2.268554951747806317e-02
2.268554951747796603e-02
2.268554951747787235e-02
2.268554951747767459e-02
2.268554951747767459e-02
2.268554951747757051e-02
2.268554951747746642e-02
2.268554951747737275e-02
2.268554951747737275e-02
1.830672285517996947e-02
1.830672285517996947e-02
1.830672285518004927e-02
1.830672285518004927e-02
1.830672285518012560e-02
1.830672285518020886e-02
1.830672285518028519e-02
1.830672285518036499e-02
1.830672285518052458e-02
1.830672285518060091e-02
1.830672285518067724e-02
1.830672285518075704e-02
1.830672285518075704e-02
1.830672285518083683e-02
1.830672285518091316e-02
1.830672285518091316e-02
1.830672285518091316e-02
1.830672285518083683e-02
1.830672285518075704e-02
1.830672285518075704e-02
1.830672285518067724e-02
1.830672285518060091e-02
1.830672285518052458e-02
1.830672285518036499e-02
1.830672285518028519e-02
1.830672285518020886e-02
1.830672285518012560e-02
1.830672285518004927e-02
1.830672285518004927e-02
1.830672285517996947e-02
1.483260551761332764e-02
1.483260551761332764e-02
1.483260551761332764e-02
1.483260551761338836e-02
1.483260551761345081e-02
1.483260551761350805e-02
1.483260551761357050e-02
1.483260551761362948e-02
1.483260551761374745e-02
1.483260551761381163e-02
1.483260551761387061e-02
1.483260551761393306e-02
1.483260551761399031e-02
1.483260551761399031e-02
1.483260551761405276e-02
1.483260551761405276e-02
1.483260551761405276e-02
1.483260551761399031e-02
1.483260551761399031e-02
1.483260551761393306e-02
1.483260551761387061e-02
1.483260551761381163e-02
1.483260551761374745e-02
1.483260551761362948e-02
1.483260551761357050e-02
1.483260551761350805e-02
1.483260551761345081e-02
1.483260551761338836e-02
1.483260551761332764e-02
1.483260551761332764e-02
1.214772409487291024e-02
1.214772409487291024e-02
1.214772409487291024e-02
1.214772409487295361e-02
1.214772409487300045e-02
1.214772409487304208e-02
1.214772409487309066e-02
1.214772409487313402e-02
1.214772409487317913e-02
1.214772409487322249e-02
1.214772409487330923e-02
1.214772409487335433e-02
1.214772409487339770e-02
1.214772409487339770e-02
1.214772409487344454e-02
1.214772409487344454e-02
1.214772409487344454e-02
1.214772409487339770e-02
1.214772409487339770e-02
1.214772409487335433e-02
1.214772409487330923e-02
1.214772409487322249e-02
1.214772409487317913e-02
1.214772409487313402e-02
1.214772409487309066e-02
1.214772409487304208e-02
1.214772409487300045e-02
1.214772409487295361e-02
1.214772409487291024e-02
1.214772409487291024e-02
1.017000767778764199e-02
1.017000767778764199e-02
1.017000767778764199e-02
1.017000767778767495e-02
1.017000767778770617e-02
1.017000767778773913e-02
1.017000767778776862e-02
1.017000767778780158e-02
1.017000767778786403e-02
1.017000767778789699e-02
1.017000767778792822e-02
1.017000767778796118e-02
1.017000767778799240e-02
1.017000767778799240e-02
1.017000767778802189e-02
1.017000767778802189e-02
1.017000767778802189e-02
1.017000767778799240e-02
1.017000767778799240e-02
1.017000767778796118e-02
1.017000767778792822e-02
1.017000767778789699e-02
1.017000767778786403e-02
1.017000767778780158e-02
1.017000767778776862e-02
1.017000767778773913e-02
1.017000767778770617e-02
1.017000767778767495e-02
1.017000767778764199e-02
1.017000767778764199e-02
8.689546265331211244e-03
8.689546265331211244e-03
8.689546265331211244e-03
8.689546265331233796e-03
8.689546265331259817e-03
8.689546265331284103e-03
8.689546265331310124e-03
8.689546265331334410e-03
8.689546265331382982e-03
8.689546265331407268e-03
8.689546265331431554e-03
8.689546265331454106e-03
8.689546265331481861e-03
8.689546265331481861e-03
8.689546265331504413e-03
8.689546265331504413e-03
8.689546265331504413e-03
8.689546265331481861e-03
8.689546265331481861e-03
8.689546265331454106e-03
8.689546265331431554e-03
8.689546265331407268e-03
8.689546265331382982e-03
8.689546265331334410e-03
8.689546265331310124e-03
8.689546265331284103e-03
8.689546265331259817e-03
8.689546265331233796e-03
8.689546265331211244e-03
8.689546265331211244e-03
7.540045409670364900e-03
7.540045409670364900e-03
7.540045409670383982e-03
7.540045409670383982e-03
7.540045409670402196e-03
7.540045409670419543e-03
7.540045409670437758e-03
7.540045409670473320e-03
7.540045409670491534e-03
7.540045409670508014e-03
7.540045409670526229e-03
7.540045409670543576e-03
7.540045409670560923e-03
7.540045409670578271e-03
7.540045409670578271e-03
7.540045409670578271e-03
7.540045409670578271e-03
7.540045409670578271e-03
7.540045409670560923e-03
7.540045409670543576e-03
7.540045409670526229e-03
7.540045409670508014e-03
7.540045409670491534e-03
7.540045409670473320e-03
7.540045409670437758e-03
7.540045409670419543e-03
7.540045409670402196e-03
7.540045409670383982e-03
7.540045409670383982e-03
7.540045409670364900e-03
6.786523563312988304e-03
6.786523563312988304e-03
6.786523563312988304e-03
6.786523563313007386e-03
6.786523563313007386e-03
6.786523563313016059e-03
6.786523563313026468e-03
6.786523563313035141e-03
6.786523563313054223e-03
6.786523563313063764e-03
6.786523563313072438e-03
6.786523563313090653e-03
6.786523563313090653e-03
6.786523563313101061e-03
6.786523563313101061e-03
6.786523563313101061e-03
6.786523563313101061e-03
6.786523563313101061e-03
6.786523563313090653e-03
6.786523563313090653e-03
6.786523563313072438e-03
6.786523563313063764e-03
6.786523563313054223e-03
6.786523563313035141e-03
6.786523563313026468e-03
6.786523563313016059e-03
6.786523563313007386e-03
6.786523563313007386e-03
6.786523563312988304e-03
6.786523563312988304e-03
6.431656227447125375e-03
6.431656227447125375e-03
6.431656227447125375e-03
6.431656227447130579e-03
6.431656227447133181e-03
6.431656227447137518e-03
6.431656227447141855e-03
6.431656227447144457e-03
6.431656227447152263e-03
6.431656227447157467e-03
6.431656227447160937e-03
6.431656227447169610e-03
6.431656227447169610e-03
6.431656227447173080e-03
6.431656227447173080e-03
6.431656227447173080e-03
6.431656227447173080e-03
6.431656227447173080e-03
6.431656227447169610e-03
6.431656227447169610e-03
6.431656227447160937e-03
6.431656227447157467e-03
6.431656227447152263e-03
6.431656227447144457e-03
6.431656227447141855e-03
6.431656227447141855e-03
6.431656227447133181e-03
6.431656227447130579e-03
6.431656227447125375e-03
6.431656227447125375e-03
6.264918826770047786e-03
6.264918826770047786e-03
6.264918826770047786e-03
6.264918826770052122e-03
6.264918826770052122e-03
6.264918826770054724e-03
6.264918826770054724e-03
6.264918826770059061e-03
6.264918826770061663e-03
6.264918826770066000e-03
6.264918826770066000e-03
6.264918826770072072e-03
6.264918826770073806e-03
6.264918826770073806e-03
6.264918826770075541e-03
6.264918826770075541e-03
6.264918826770075541e-03
6.264918826770073806e-03
6.264918826770073806e-03
6.264918826770072072e-03
6.264918826770066000e-03
6.264918826770066000e-03
6.264918826770061663e-03
6.264918826770059061e-03
6.264918826770054724e-03
6.264918826770054724e-03
6.264918826770052122e-03
6.264918826770052122e-03
6.264918826770047786e-03
6.264918826770047786e-03
