1.211845729801186655e+00
1.186850502166085342e+00
1.162360889517262130e+00
1.138390184445910780e+00
1.114948652995448874e+00
1.092043717502967803e+00
1.069680157336026616e+00
1.047860321053748711e+00
1.026584344257781334e+00
1.005850368203675460e+00
9.856547550653201872e-01
9.659922965447518273e-01
9.468564132677970147e-01
9.282393430833624226e-01
9.101323169800401569e-01
8.925257218437909756e-01
8.754092497058175715e-01
8.587720334748687456e-01
8.426027694202107288e-01
8.268898268782505223e-01
8.116213458066122710e-01
7.967853229122843217e-01
7.823696871444110190e-01
7.683623653740887516e-01
7.547513390904325714e-01
7.415246929297518719e-01
7.286706558278643886e-01
7.161776355484363865e-01
7.040342472966205634e-01
6.922293370788707989e-01
6.807520004197880059e-01
6.695915969964226777e-01
6.587377617004853692e-01
6.481804125910752834e-01
6.379097561545299389e-01
6.279162902454674677e-01
6.181908050425830581e-01
6.087243823159249612e-01
5.995083932686867678e-01
5.905344951854353264e-01
5.817946270906831918e-01
5.732810045969483070e-01
5.649861140976805141e-01
5.569027064416610662e-01
5.490237902058259234e-01
5.413426246688420873e-01
5.338527125723429023e-01
5.265477927449506712e-01
5.194218326524053797e-01
5.124690209284513687e-01
