0.000000000000000000e+00 1.262867896981798577e-01 7.866919766558618221e+01
0.000000000000000000e+00 1.230468484114573546e-01 7.748861630926396060e+01
0.000000000000000000e+00 1.201869065365857858e-01 7.632384458382934156e+01
0.000000000000000000e+00 1.182298012381123864e-01 7.517552669596794601e+01
0.000000000000000000e+00 1.171976510245509029e-01 7.404423130065843850e+01
0.000000000000000000e+00 1.170148536077109946e-01 7.293045296176651959e+01
0.000000000000000000e+00 1.175760711486522336e-01 7.183461420081975746e+01
0.000000000000000000e+00 1.187675077169130233e-01 7.075706804626004498e+01
0.000000000000000000e+00 1.204759408149210093e-01 6.969810099590637265e+01
0.000000000000000000e+00 1.225932896933274729e-01 6.865793630803280223e+01
0.000000000000000000e+00 1.250191065489422437e-01 6.763673754093787238e+01
0.000000000000000000e+00 1.276618962312809913e-01 6.663461226671047655e+01
0.000000000000000000e+00 1.304396820379811750e-01 6.565161589167669831e+01
0.000000000000000000e+00 1.332800517205686708e-01 6.468775552336137480e+01
0.000000000000000000e+00 1.361198393820790553e-01 6.374299383140083108e+01
0.000000000000000000e+00 1.389045591106247424e-01 6.281725285741814702e+01
0.000000000000000000e+00 1.415876810552104403e-01 6.191041773621699207e+01
0.000000000000000000e+00 1.441298214511165243e-01 6.102234029758676570e+01
0.000000000000000000e+00 1.464979018085206808e-01 6.015284252443051827e+01
0.000000000000000000e+00 1.486643182181797695e-01 5.930171984876209734e+01
0.000000000000000000e+00 1.506061493652808558e-01 5.846874427230672211e+01
0.000000000000000000e+00 1.523044214114405714e-01 5.765366730300223708e+01
0.000000000000000000e+00 1.537434393992884174e-01 5.685622270261609401e+01
0.000000000000000000e+00 1.549101881600679076e-01 5.607612904402294163e+01
0.000000000000000000e+00 1.557938006817664867e-01 5.531309207944327966e+01
0.000000000000000000e+00 1.563850882869909920e-01 5.456680692320297510e+01
0.000000000000000000e+00 1.566761245043404305e-01 5.383696005435535170e+01
0.000000000000000000e+00 1.566598729127668399e-01 5.312323114589017337e+01
0.000000000000000000e+00 1.563298482120905886e-01 5.242529472828623227e+01
0.000000000000000000e+00 1.556797990435612178e-01 5.174282169587657165e+01
0.000000000000000000e+00 1.547034003717195350e-01 5.107548066496475769e+01
0.000000000000000000e+00 1.533939422421410070e-01 5.042293919287309478e+01
0.000000000000000000e+00 1.517440001035115504e-01 4.978486486717452664e+01
0.000000000000000000e+00 1.497450691829611547e-01 4.916092627428523798e+01
0.000000000000000000e+00 1.473871410038687380e-01 4.855079385640849665e+01
0.000000000000000000e+00 1.446581930761874080e-01 4.795414066553877319e+01
0.000000000000000000e+00 1.415435515147097367e-01 4.737064302291013718e+01
0.000000000000000000e+00 1.380250681979335592e-01 4.679998109186369248e+01
0.000000000000000000e+00 1.340800243731831987e-01 4.624183937170244008e+01
0.000000000000000000e+00 1.296796226545850195e-01 4.569590711966764474e+01
0.000000000000000000e+00 1.247868423531338367e-01 4.516187870771302926e+01
0.000000000000000000e+00 1.193532748174159080e-01 4.463945392030621662e+01
0.000000000000000000e+00 1.133142519045576696e-01 4.412833819906698096e+01
0.000000000000000000e+00 1.065809593641907499e-01 4.362824283959262317e+01
0.000000000000000000e+00 9.902684815163366461e-02 4.313888514542762920e+01
0.000000000000000000e+00 9.046226432071537149e-02 4.265998854374333860e+01
0.000000000000000000e+00 8.058164044437286788e-02 4.219128266688986884e+01
0.000000000000000000e+00 6.883471707225684300e-02 4.173250340366476507e+01
0.000000000000000000e+00 5.401938144773710954e-02 4.128339292377754788e+01
0.000000000000000000e+00 3.201668146159035444e-02 4.084369967870112106e+01
