1.895895483633375928e-02 6.539538062753464942e+01 9.614238106507910775e-01 9.443208016891212198e-03 3.331637795944339064e+00 2.100000000000000200e-01
3.530613362320685067e-02 6.311271358586287761e+01 9.614238106507910775e-01 9.443208016891212198e-03 7.034621425376878179e+00 2.300000000000000100e-01
4.802107284957141814e-02 6.094307383772864029e+01 9.614238106507910775e-01 9.443208016891212198e-03 1.078998198868847957e+01 2.500000000000000000e-01
5.884424846992678676e-02 5.888372665863499122e+01 9.614238106507910775e-01 9.443208016891212198e-03 1.483751217090176411e+01 2.700000000000000178e-01
6.811376108353384140e-02 5.693108573598768629e+01 9.614238106507910775e-01 9.443208016891212198e-03 1.918672892116929418e+01 2.900000000000000355e-01
7.596076723792573315e-02 5.508096636249562295e+01 9.614238106507910775e-01 9.443208016891212198e-03 2.380368045792214460e+01 3.099999999999999978e-01
8.249359964467016526e-02 5.332879526457108454e+01 9.614238106507910775e-01 9.443208016891212198e-03 2.864577194312626673e+01 3.300000000000000155e-01
8.783495273066321829e-02 5.166977957974507518e+01 9.614238106507910775e-01 9.443208016891212198e-03 3.367378915355418201e+01 3.500000000000000333e-01
9.212154319997338525e-02 5.009903938731494577e+01 9.614238106507910775e-01 9.443208016891212198e-03 3.885618527675683964e+01 3.699999999999999956e-01
9.549407026170989021e-02 4.861170896819284337e+01 9.614238106507910775e-01 9.443208016891212198e-03 4.416952668923116931e+01 3.900000000000000133e-01
9.808702487363370193e-02 4.720301202255087958e+01 9.614238106507910775e-01 9.443208016891212198e-03 4.959695392733972596e+01 4.099999999999999756e-01
1.000215686033562451e-01 4.586831571141010500e+01 9.614238106507910775e-01 9.443208016891212198e-03 5.512585688225520641e+01 4.299999999999999933e-01
1.014019621735247206e-01 4.460316782211069153e+01 9.614238106507910775e-01 9.443208016891212198e-03 6.074553575311283282e+01 4.500000000000000111e-01
1.023148698296423714e-01 4.340332072360484972e+01 9.614238106507910775e-01 9.443208016891212198e-03 6.644526564871662799e+01 4.699999999999999734e-01
1.028305377286212047e-01 4.226474515593028514e+01 9.614238106507910775e-01 9.443208016891212198e-03 7.221291046581292505e+01 4.899999999999999911e-01
1.030049253684162391e-01 4.118363633153873593e+01 9.614238106507910775e-01 9.443208016891212198e-03 7.803405180425295384e+01 5.100000000000000089e-01
1.028821085709097499e-01 4.015641433244816483e+01 9.614238106507910775e-01 9.443208016891212198e-03 8.389150374858489556e+01 5.300000000000000266e-01
1.024965315026968027e-01 3.917972037028847154e+01 9.614238106507910775e-01 9.443208016891212198e-03 8.976505455796151978e+01 5.500000000000000444e-01
1.018748984153811932e-01 3.825041013207768259e+01 9.614238106507910775e-01 9.443208016891212198e-03 9.563128799631569166e+01 5.700000000000000622e-01
1.010376431321555052e-01 3.736554515509657648e+01 9.614238106507910775e-01 9.443208016891212198e-03 1.014633686675027064e+02 5.900000000000000799e-01
9.999999999997438715e-02 3.652238295037586369e+01 9.614238106507910775e-01 9.443208016891212198e-03 1.072307111155570567e+02 6.099999999999999867e-01
9.877273854675822085e-02 3.571836641683974278e+01 9.614238106507910775e-01 9.443208016891212198e-03 1.128984816259713284e+02 6.299999999999998934e-01
9.736263171802168881e-02 3.495111294886665831e+01 9.614238106507910775e-01 9.443208016891212198e-03 1.184269000072234235e+02 6.499999999999999112e-01
9.577271800182944606e-02 3.421840353156621006e+01 9.614238106507910775e-01 9.443208016891212198e-03 1.237703151125406578e+02 6.699999999999999289e-01
9.400240046783749082e-02 3.351817203421327918e+01 9.614238106507910775e-01 9.443208016891212198e-03 1.288760230755703162e+02 6.899999999999999467e-01
9.204740605398009645e-02 3.284849484805742748e+01 9.614238106507910775e-01 9.443208016891212198e-03 1.336827816567248703e+02 7.099999999999999645e-01
8.989960817300848839e-02 3.220758096589307939e+01 9.614238106507910775e-01 9.443208016891212198e-03 1.381189465854535854e+02 7.299999999999999822e-01
8.754669399614324610e-02 3.159376256394236648e+01 9.614238106507910775e-01 9.443208016891212198e-03 1.421001121031515311e+02 7.500000000000000000e-01
8.497163127029322416e-02 3.100548611920237718e+01 9.614238106507910775e-01 9.443208016891212198e-03 1.455260686180125163e+02 7.700000000000000178e-01
8.215185180057638092e-02 3.044130407527133286e+01 9.614238106507910775e-01 9.443208016891212198e-03 1.482767767538902604e+02 7.900000000000000355e-01
7.905800788077586849e-02 2.989986705496919228e+01 9.614238106507910775e-01 9.443208016891212198e-03 1.502068624722004984e+02 8.099999999999998312e-01
7.565205065429862763e-02 2.937991660795272963e+01 9.614238106507910775e-01 9.443208016891212198e-03 1.511377883090252681e+02 8.299999999999998490e-01
7.188417602327672185e-02 2.888027847413943761e+01 9.614238106507910775e-01 9.443208016891212198e-03 1.508461922973986304e+02 8.499999999999998668e-01
6.768776966255993233e-02 2.839985633950414012e+01 9.614238106507910775e-01 9.443208016891212198e-03 1.490455430328044883e+02 8.699999999999998845e-01
6.297056635342113129e-02 2.793762605763918216e+01 9.614238106507910775e-01 9.443208016891212198e-03 1.453553127005049816e+02 8.899999999999999023e-01
5.759798810050566209e-02 2.749263030930279683e+01 9.614238106507910775e-01 9.443208016891212198e-03 1.392447049106577310e+02 9.099999999999999201e-01
5.135827832718363462e-02 2.706397367159465972e+01 9.614238106507910775e-01 9.443208016891212198e-03 1.299179866604756626e+02 9.299999999999999378e-01
4.387728341560818285e-02 2.665081806857398661e+01 9.614238106507910775e-01 9.443208016891212198e-03 1.160407088064082330e+02 9.499999999999999556e-01
3.434893498273523110e-02 2.625237857619212178e+01 9.614238106507910775e-01 9.443208016891212198e-03 9.489302264454258307e+01 9.699999999999999734e-01
2.003741958382305316e-02 2.586791955504246943e+01 9.614238106507910775e-01 9.443208016891212198e-03 5.777834990587874131e+01 9.899999999999999911e-01
