4.083800517394683277e-02 5.085466585076110135e+01 9.701279232609362202e-01 9.822587227014534586e-03 5.148124441028453013e+00 2.100000000000000200e-01
7.115668241876309252e-02 4.838602950055722118e+01 9.701279232609362202e-01 9.822587227014534586e-03 1.073633289584213379e+01 2.300000000000000100e-01
9.056194351321769642e-02 4.613521738877300038e+01 9.701279232609362202e-01 9.822587227014534586e-03 1.616736828502101275e+01 2.500000000000000000e-01
1.039383560136494938e-01 4.407859983685318639e+01 9.701279232609362202e-01 9.822587227014534586e-03 2.172582854257964868e+01 2.700000000000000178e-01
1.129099309171858467e-01 4.219520540635011230e+01 9.701279232609362202e-01 9.822587227014534586e-03 2.737219354141252126e+01 2.900000000000000355e-01
1.185368061191978406e-01 4.046651870303171705e+01 9.701279232609362202e-01 9.822587227014534586e-03 3.304124754638365147e+01 3.099999999999999978e-01
1.216738570243869333e-01 3.887623166692286958e+01 9.701279232609362202e-01 9.822587227014534586e-03 3.869169790975131207e+01 3.300000000000000155e-01
1.230202484970595450e-01 3.740999014705879233e+01 9.701279232609362202e-01 9.822587227014534586e-03 4.431132642433789215e+01 3.500000000000000333e-01
1.231224163387283493e-01 3.605515527204325110e+01 9.701279232609362202e-01 9.822587227014534586e-03 4.990804210209526559e+01 3.699999999999999956e-01
1.223845579176228160e-01 3.480058743525000864e+01 9.701279232609362202e-01 9.822587227014534586e-03 5.549850590830574504e+01 3.900000000000000133e-01
1.210913622537541923e-01 3.363645484824311183e+01 9.701279232609362202e-01 9.822587227014534586e-03 6.109945668943137775e+01 4.099999999999999756e-01
1.194359468567795651e-01 3.255406584363869626e+01 9.701279232609362202e-01 9.822587227014534586e-03 6.672302652011282476e+01 4.299999999999999933e-01
1.175462427015768752e-01 3.154572292901563557e+01 9.701279232609362202e-01 9.822587227014534586e-03 7.237534658952753830e+01 4.500000000000000111e-01
1.155062682554148651e-01 3.060459620869405128e+01 9.701279232609362202e-01 9.822587227014534586e-03 7.805711548069349703e+01 4.699999999999999734e-01
1.133715044769782465e-01 2.972461378521141739e+01 9.701279232609362202e-01 9.822587227014534586e-03 8.376493677043674779e+01 4.899999999999999911e-01
1.111791391094694298e-01 2.890036691601172691e+01 9.701279232609362202e-01 9.822587227014534586e-03 8.949264871936919974e+01 5.100000000000000089e-01
1.089544887438819720e-01 2.812702792793413309e+01 9.701279232609362202e-01 9.822587227014534586e-03 9.523227484202932658e+01 5.300000000000000266e-01
1.067148554360959761e-01 2.740027913146527894e+01 9.701279232609362202e-01 9.822587227014534586e-03 1.009745008569090743e+02 5.500000000000000444e-01
1.044717841799307351e-01 2.671625120528836916e+01 9.701279232609362202e-01 9.822587227014534586e-03 1.067087212536898164e+02 5.700000000000000622e-01
1.022323690008265229e-01 2.607146972938358331e+01 9.701279232609362202e-01 9.822587227014534586e-03 1.124227365428838112e+02 5.900000000000000799e-01
9.999999999999649447e-02 2.546280872938573836e+01 9.701279232609362202e-01 9.822587227014534586e-03 1.181021662626559703e+02 6.099999999999999867e-01
9.777476988204829300e-02 2.488745025571944680e+01 9.701279232609362202e-01 9.822587227014534586e-03 1.237296066675927477e+02 6.299999999999998934e-01
9.555365241138272236e-02 2.434284916055050729e+01 9.701279232609362202e-01 9.822587227014534586e-03 1.292835235385501562e+02 6.499999999999999112e-01
9.333050489653077486e-02 2.382670235556498639e+01 9.701279232609362202e-01 9.822587227014534586e-03 1.347368355562458646e+02 6.699999999999999289e-01
9.109591323849856870e-02 2.333692193647127766e+01 9.701279232609362202e-01 9.822587227014534586e-03 1.400551112827497775e+02 6.899999999999999467e-01
8.883687813425678037e-02 2.287161164836990324e+01 9.701279232609362202e-01 9.822587227014534586e-03 1.451942690537561020e+02 7.099999999999999645e-01
8.653632637602601263e-02 2.242904624119840662e+01 9.701279232609362202e-01 9.822587227014534586e-03 1.500976284681962625e+02 7.299999999999999822e-01
8.417241634898763036e-02 2.200765332889428549e+01 9.701279232609362202e-01 9.822587227014534586e-03 1.546921072382845637e+02 7.500000000000000000e-01
8.171758691619246395e-02 2.160599742061414119e+01 9.701279232609362202e-01 9.822587227014534586e-03 1.588832760833144562e+02 7.700000000000000178e-01
7.913726724607736407e-02 2.122276583929095040e+01 9.701279232609362202e-01 9.822587227014534586e-03 1.625488557204452604e+02 7.900000000000000355e-01
7.638810972356198381e-02 2.085675628248728941e+01 9.701279232609362202e-01 9.822587227014534586e-03 1.655300214587380196e+02 8.099999999999998312e-01
7.341550439450930665e-02 2.050686581480442783e+01 9.701279232609362202e-01 9.822587227014534586e-03 1.676194841561994338e+02 8.299999999999998490e-01
7.014992811424401731e-02 2.017208111000917370e+01 9.701279232609362202e-01 9.822587227014534586e-03 1.685445472256503479e+02 8.499999999999998668e-01
6.650125091587325010e-02 1.985146978614018209e+01 9.701279232609362202e-01 9.822587227014534586e-03 1.679417450321377032e+02 8.699999999999998845e-01
6.234915279025095985e-02 1.954417269780781652e+01 9.701279232609362202e-01 9.822587227014534586e-03 1.653161025065620038e+02 8.899999999999999023e-01
5.752540820638631092e-02 1.924939706848898524e+01 9.701279232609362202e-01 9.822587227014534586e-03 1.599692877394867310e+02 9.099999999999999201e-01
5.177704278354356565e-02 1.896641036096507804e+01 9.701279232609362202e-01 9.822587227014534586e-03 1.508563792025003067e+02 9.299999999999999378e-01
4.467628646940755704e-02 1.869453479748658609e+01 9.701279232609362202e-01 9.822587227014534586e-03 1.362478363296140458e+02 9.499999999999999556e-01
3.533570929883974449e-02 1.843314245302756404e+01 9.701279232609362202e-01 9.822587227014534586e-03 1.126904592498222399e+02 9.699999999999999734e-01
2.082925332871164714e-02 1.818165085446609552e+01 9.701279232609362202e-01 9.822587227014534586e-03 6.940319659845907552e+01 9.899999999999999911e-01
