0.000000000000000000e+00 6.397024713930798447e-03 7.473562305257343041e+01
0.000000000000000000e+00 1.184369862528719501e-02 7.383388739466342088e+01
0.000000000000000000e+00 1.625945609289026692e-02 7.294327323072488412e+01
0.000000000000000000e+00 2.035993497181954465e-02 7.206399958065526334e+01
0.000000000000000000e+00 2.432282934294954790e-02 7.119625767440672348e+01
0.000000000000000000e+00 2.821270393758374545e-02 7.034021179994324768e+01
0.000000000000000000e+00 3.205406470597677721e-02 6.949600024418619171e+01
0.000000000000000000e+00 3.585368402383323078e-02 6.866373631125151178e+01
0.000000000000000000e+00 3.960951245353971917e-02 6.784350940293977317e+01
0.000000000000000000e+00 4.331488132011655084e-02 6.703538614725762557e+01
0.000000000000000000e+00 4.696073043996925461e-02 6.623941156168285715e+01
0.000000000000000000e+00 5.053689538768040002e-02 6.545561023890969921e+01
0.000000000000000000e+00 5.403290001835760886e-02 6.468398754388479688e+01
0.000000000000000000e+00 5.743846612787465583e-02 6.392453081205054843e+01
0.000000000000000000e+00 6.074384923145304677e-02 6.317721053981772172e+01
0.000000000000000000e+00 6.394006041235618387e-02 6.244198155938109096e+01
0.000000000000000000e+00 6.701900930122940692e-02 6.171878419104241686e+01
0.000000000000000000e+00 6.997358993434740770e-02 6.100754536722289600e+01
0.000000000000000000e+00 7.279772379589867504e-02 6.030817972328642185e+01
0.000000000000000000e+00 7.548637001856287054e-02 5.962059065119192525e+01
0.000000000000000000e+00 7.803551009461068277e-02 5.894467131280623562e+01
0.000000000000000000e+00 8.044211279253071778e-02 5.828030561044852931e+01
0.000000000000000000e+00 8.270408387340154321e-02 5.762736911292592623e+01
0.000000000000000000e+00 8.482020442390497683e-02 5.698572993590010327e+01
0.000000000000000000e+00 8.679006103855933796e-02 5.635524957597722562e+01
0.000000000000000000e+00 8.861397061279170650e-02 5.573578369836029367e+01
0.000000000000000000e+00 9.029290210879474532e-02 5.512718287832041142e+01
0.000000000000000000e+00 9.182839730081496232e-02 5.452929329707536965e+01
0.000000000000000000e+00 9.322249218362685386e-02 5.394195739295905412e+01
0.000000000000000000e+00 9.447764043019926672e-02 5.336501446900285117e+01
0.000000000000000000e+00 9.559664000965560626e-02 5.279830125824395992e+01
0.000000000000000000e+00 9.658256382412945540e-02 5.224165244822890486e+01
0.000000000000000000e+00 9.743869499359929243e-02 5.169490116630253596e+01
0.000000000000000000e+00 9.816846721140004561e-02 5.115787942735197191e+01
0.000000000000000000e+00 9.877541041100948438e-02 5.063041854573553735e+01
0.000000000000000000e+00 9.926310182680742056e-02 5.011234951316657771e+01
0.000000000000000000e+00 9.963512239653299352e-02 4.960350334432605734e+01
0.000000000000000000e+00 9.989501834138064806e-02 4.910371139197808077e+01
0.000000000000000000e+00 1.000462676688614327e-01 4.861280563334283045e+01
0.000000000000000000e+00 1.000922512722537683e-01 4.813061892945060549e+01
0.000000000000000000e+00 1.000362282464015706e-01 4.765698525915538397e+01
0.000000000000000000e+00 9.988131500118238582e-02 4.719173992944462270e+01
0.000000000000000000e+00 9.963046772763789471e-02 4.673471976361403080e+01
0.000000000000000000e+00 9.928646775688187986e-02 4.628576326882788550e+01
0.000000000000000000e+00 9.885190934421918263e-02 4.584471078451130666e+01
0.000000000000000000e+00 9.832918940988442935e-02 4.541140461296590303e+01
0.000000000000000000e+00 9.772049876909087718e-02 4.498568913351863330e+01
0.000000000000000000e+00 9.702781438768801059e-02 4.456741090146056905e+01
0.000000000000000000e+00 9.625289220085275765e-02 4.415641873295297160e+01
0.000000000000000000e+00 9.539726003035448043e-02 4.375256377701688137e+01
0.000000000000000000e+00 9.446221012730113276e-02 4.335569957565847687e+01
0.000000000000000000e+00 9.344879084907488365e-02 4.296568211311851115e+01
0.000000000000000000e+00 9.235779694702801745e-02 4.258236985515507200e+01
0.000000000000000000e+00 9.118975789420347144e-02 4.220562377925438113e+01
0.000000000000000000e+00 8.994492360723808921e-02 4.183530739654504771e+01
0.000000000000000000e+00 8.862324681484073929e-02 4.147128676618672927e+01
0.000000000000000000e+00 8.722436117928991650e-02 4.111343050294169643e+01
0.000000000000000000e+00 8.574755407424564102e-02 4.076160977855030865e+01
0.000000000000000000e+00 8.419173264603203866e-02 4.041569831755312947e+01
0.000000000000000000e+00 8.255538139735450753e-02 4.007557238809352640e+01
0.000000000000000000e+00 8.083650899684401148e-02 3.974111078821929510e+01
0.000000000000000000e+00 7.903258126527200333e-02 3.941219482818622311e+01
0.000000000000000000e+00 7.714043621693632280e-02 3.908870830916735883e+01
0.000000000000000000e+00 7.515617549484204796e-02 3.877053749881009281e+01
0.000000000000000000e+00 7.307502427479391216e-02 3.845757110399568290e+01
0.000000000000000000e+00 7.089114833232416923e-02 3.814970024114626312e+01
0.000000000000000000e+00 6.859741179411174561e-02 3.784681840440440226e+01
0.000000000000000000e+00 6.618505097841712037e-02 3.754882143196424948e+01
0.000000000000000000e+00 6.364322661555631144e-02 3.725560747082229796e+01
0.000000000000000000e+00 6.095839482735641163e-02 3.696707694019112012e+01
0.000000000000000000e+00 5.811339918098114982e-02 3.668313249379161078e+01
0.000000000000000000e+00 5.508611693370128043e-02 3.640367898123800927e+01
0.000000000000000000e+00 5.184735978906818837e-02 3.612862340866809063e+01
0.000000000000000000e+00 4.835745742111472595e-02 3.585787489882012125e+01
0.000000000000000000e+00 4.456034759935397632e-02 3.559134465069197262e+01
0.000000000000000000e+00 4.037250772440034718e-02 3.532894589889743742e+01
0.000000000000000000e+00 3.565985295832002633e-02 3.507059387287620211e+01
0.000000000000000000e+00 3.018125629655513814e-02 3.481620575604993917e+01
0.000000000000000000e+00 2.340950710576450433e-02 3.456570064501805462e+01
0.000000000000000000e+00 1.353225754643050047e-02 3.431899950889827267e+01
