0.000000000000000000e+00 2.303792133900499015e-02 5.164611417881389599e+01
0.000000000000000000e+00 4.076423410732056551e-02 5.033176973025425838e+01
0.000000000000000000e+00 5.348011697819534532e-02 4.907706327779632005e+01
0.000000000000000000e+00 6.399742176971293106e-02 4.787887975824332898e+01
0.000000000000000000e+00 7.307010494316583393e-02 4.673422871529296430e+01
0.000000000000000000e+00 8.101805850545686083e-02 4.564025298482026471e+01
0.000000000000000000e+00 8.801047452034875540e-02 4.459423297310602408e+01
0.000000000000000000e+00 9.415249992048065064e-02 4.359358766135657959e+01
0.000000000000000000e+00 9.951923011061868107e-02 4.263587322085740539e+01
0.000000000000000000e+00 1.041710360369590693e-01 4.171877992185181938e+01
0.000000000000000000e+00 1.081610217703534438e-01 4.084012785911887278e+01
0.000000000000000000e+00 1.115387436944018790e-01 3.999786189131057768e+01
0.000000000000000000e+00 1.143519970540561176e-01 3.919004609304982267e+01
0.000000000000000000e+00 1.166475468268963062e-01 3.841485794291458689e+01
0.000000000000000000e+00 1.184712689094092053e-01 3.767058241217223724e+01
0.000000000000000000e+00 1.198679694596855722e-01 3.695560607442850198e+01
0.000000000000000000e+00 1.208810464275077712e-01 3.626841132242914512e+01
0.000000000000000000e+00 1.215520978269617747e-01 3.560757075242906211e+01
0.000000000000000000e+00 1.219205438730293217e-01 3.497174175700713050e+01
0.000000000000000000e+00 1.220233044890926127e-01 3.435966135257123710e+01
0.000000000000000000e+00 1.218945551667099669e-01 3.377014125684473811e+01
0.000000000000000000e+00 1.215655705109078139e-01 3.320206322339830507e+01
0.000000000000000000e+00 1.210646549368443042e-01 3.265437463439923249e+01
0.000000000000000000e+00 1.204171532189616395e-01 3.212608434828788262e+01
0.000000000000000000e+00 1.196455294138007025e-01 3.161625879612972412e+01
0.000000000000000000e+00 1.187695005719965335e-01 3.112401831808238128e+01
0.000000000000000000e+00 1.178062111573472820e-01 3.064853373013926685e+01
0.000000000000000000e+00 1.167704347370880080e-01 3.018902311033865260e+01
0.000000000000000000e+00 1.156747909085969472e-01 2.974474879316189302e+01
0.000000000000000000e+00 1.145299672518969997e-01 2.931501456070025924e+01
0.000000000000000000e+00 1.133449380858913419e-01 2.889916301921880049e+01
0.000000000000000000e+00 1.121271737706943106e-01 2.849657314989180890e+01
0.000000000000000000e+00 1.108828361201438378e-01 2.810665802297177862e+01
0.000000000000000000e+00 1.096169570758263462e-01 2.772886266484600881e+01
0.000000000000000000e+00 1.083335991319397534e-01 2.736266206811543000e+01
0.000000000000000000e+00 1.070359970590556847e-01 2.700755933513163853e+01
0.000000000000000000e+00 1.057266812886888674e-01 2.666308394614629762e+01
0.000000000000000000e+00 1.044075838909466758e-01 2.632879014346525892e+01
0.000000000000000000e+00 1.030801284643820120e-01 2.600425542377562849e+01
0.000000000000000000e+00 1.017453054691507819e-01 2.568907913115821628e+01
0.000000000000000000e+00 1.004037346220251342e-01 2.538288114379605531e+01
0.000000000000000000e+00 9.905571596165893555e-02 2.508530064786970470e+01
0.000000000000000000e+00 9.770127111148957377e-02 2.479599499254423378e+01
0.000000000000000000e+00 9.634017614245414529e-02 2.451463862042554354e+01
0.000000000000000000e+00 9.497198728054984107e-02 2.424092206815228678e+01
0.000000000000000000e+00 9.359606053931324166e-02 2.397455103225292561e+01
0.000000000000000000e+00 9.221156618569281704e-02 2.371524549569845064e+01
0.000000000000000000e+00 9.081749878228917439e-02 2.346273891093372654e+01
0.000000000000000000e+00 8.941268338971614105e-02 2.321677743543877170e+01
0.000000000000000000e+00 8.799577836264671493e-02 2.297711921609588970e+01
0.000000000000000000e+00 8.656527504050195998e-02 2.274353371917111843e+01
0.000000000000000000e+00 8.511949448945138608e-02 2.251580110252379896e+01
0.000000000000000000e+00 8.365658133470831037e-02 2.229371162732568123e+01
0.000000000000000000e+00 8.217449458200827561e-02 2.207706510642829301e+01
0.000000000000000000e+00 8.067099519730600021e-02 2.186567038705307553e+01
0.000000000000000000e+00 7.914363004818474046e-02 2.165934486524513503e+01
0.000000000000000000e+00 7.758971164003754251e-02 2.145791403013910426e+01
0.000000000000000000e+00 7.600629284817402020e-02 2.126121103589225214e+01
0.000000000000000000e+00 7.439013556896578727e-02 2.106907629951232153e+01
0.000000000000000000e+00 7.273767183814329462e-02 2.088135712283948919e+01
0.000000000000000000e+00 7.104495546235078951e-02 2.069790733701254837e+01
0.000000000000000000e+00 6.930760152356268966e-02 2.051858696793112458e+01
0.000000000000000000e+00 6.752071015742211468e-02 2.034326192160218127e+01
0.000000000000000000e+00 6.567876960823144927e-02 2.017180368754315012e+01
0.000000000000000000e+00 6.377553157749191182e-02 2.000408905961910122e+01
0.000000000000000000e+00 6.180384886192947375e-02 1.983999987285231370e+01
0.000000000000000000e+00 5.975546071082037114e-02 1.967942275532549345e+01
0.000000000000000000e+00 5.762070415126528677e-02 1.952224889403519370e+01
0.000000000000000000e+00 5.538811796031871404e-02 1.936837381409131353e+01
0.000000000000000000e+00 5.304388661748547090e-02 1.921769717023754964e+01
0.000000000000000000e+00 5.057103800695500473e-02 1.907012254985997757e+01
0.000000000000000000e+00 4.794824764881755463e-02 1.892555728699011297e+01
0.000000000000000000e+00 4.514798523010379872e-02 1.878391228635641852e+01
0.000000000000000000e+00 4.213349961706480684e-02 1.864510185712487456e+01
0.000000000000000000e+00 3.885360645018530457e-02 1.850904355560101067e+01
0.000000000000000000e+00 3.523293218748600741e-02 1.837565803624648808e+01
0.000000000000000000e+00 3.115156584011859534e-02 1.824486891074787920e+01
0.000000000000000000e+00 2.639534798047519018e-02 1.811660261451204690e+01
0.000000000000000000e+00 2.049841073728223342e-02 1.799078828010159725e+01
0.000000000000000000e+00 1.186533148617333402e-02 1.786735761734876604e+01
