1.137904162007351803e-02 7.365731036517789221e+01 9.740892029343803937e-01 9.090696019592696062e-03 3.319917625959634577e+00 2.100000000000000200e-01
2.184000208664487255e-02 7.181183272741442636e+01 9.740892029343803937e-01 9.090696019592696062e-03 7.034982606480563838e+00 2.300000000000000100e-01
3.065999601434517621e-02 7.001822234335671169e+01 9.740892029343803937e-01 9.090696019592696062e-03 1.085914419729321168e+01 2.500000000000000000e-01
3.881938436917384272e-02 6.827767198573572216e+01 9.740892029343803937e-01 9.090696019592696062e-03 1.506370880688582403e+01 2.700000000000000178e-01
4.645851402318112999e-02 6.659089892711631364e+01 9.740892029343803937e-01 9.090696019592696062e-03 1.968917969012261437e+01 2.900000000000000355e-01
5.357783578200431274e-02 6.495819376752429264e+01 9.740892029343803937e-01 9.090696019592696062e-03 2.472758767394034507e+01 3.099999999999999978e-01
6.015290052560636619e-02 6.337947104794504583e+01 9.740892029343803937e-01 9.090696019592696062e-03 3.015443532384412606e+01 3.300000000000000155e-01
6.616499732583666638e-02 6.185431967392638342e+01 9.740892029343803937e-01 9.090696019592696062e-03 3.593955112272101360e+01 3.500000000000000333e-01
7.160889823011197530e-02 6.038205162304014095e+01 9.740892029343803937e-01 9.090696019592696062e-03 4.205184684209945090e+01 3.699999999999999956e-01
7.649260448120141775e-02 5.896174783154139476e+01 9.740892029343803937e-01 9.090696019592696062e-03 4.846137953247078656e+01 3.900000000000000133e-01
8.083427058260989062e-02 5.759230052725489912e+01 9.740892029343803937e-01 9.090696019592696062e-03 5.513991191274516979e+01 4.099999999999999756e-01
8.465851048751699137e-02 5.627245158685378357e+01 9.740892029343803937e-01 9.090696019592696062e-03 6.206058991816366444e+01 4.299999999999999933e-01
8.799306948761510816e-02 5.500082674402614913e+01 9.740892029343803937e-01 9.090696019592696062e-03 6.919714287035334621e+01 4.500000000000000111e-01
9.086623999715279232e-02 5.377596566400944056e+01 9.740892029343803937e-01 9.090696019592696062e-03 7.652288784097973462e+01 4.699999999999999734e-01
9.330508061271250431e-02 5.259634803636918576e+01 9.740892029343803937e-01 9.090696019592696062e-03 8.400972407529535246e+01 4.899999999999999911e-01
9.533433930069024065e-02 5.146041593004862591e+01 9.740892029343803937e-01 9.090696019592696062e-03 9.162722454040401487e+01 5.100000000000000089e-01
9.697591830608635888e-02 5.036659271114525893e+01 9.740892029343803937e-01 9.090696019592696062e-03 9.934186910552416805e+01 5.300000000000000266e-01
9.824871025728368346e-02 4.931329885265348167e+01 9.740892029343803937e-01 9.090696019592696062e-03 1.071164177433926454e+02 5.500000000000000444e-01
9.916865568799573816e-02 4.829896497358980412e+01 9.740892029343803937e-01 9.090696019592696062e-03 1.149093914474544533e+02 5.700000000000000622e-01
9.974890477589043458e-02 4.732204243844916647e+01 9.740892029343803937e-01 9.090696019592696062e-03 1.226746109601016883e+02 5.900000000000000799e-01
1.000000000000284966e-01 4.638101183158632779e+01 9.740892029343803937e-01 9.090696019592696062e-03 1.303607356263663348e+02 6.099999999999999867e-01
9.993002576342337184e-02 4.547438959860592433e+01 9.740892029343803937e-01 9.090696019592696062e-03 1.379107429702561660e+02 6.299999999999998934e-01
9.954469310546540384e-02 4.460073312101462051e+01 9.740892029343803937e-01 9.090696019592696062e-03 1.452612901203599733e+02 6.499999999999999112e-01
9.884734175157068592e-02 4.375864446323269163e+01 9.740892029343803937e-01 9.090696019592696062e-03 1.523418973406775194e+02 6.699999999999999289e-01
9.783884831194811227e-02 4.294677300407214204e+01 9.740892029343803937e-01 9.090696019592696062e-03 1.590738881737649706e+02 6.899999999999999467e-01
9.651742916348012014e-02 4.216381713891011174e+01 9.740892029343803937e-01 9.090696019592696062e-03 1.653690063971632753e+02 7.099999999999999645e-01
9.487831981934474745e-02 4.140852521454633717e+01 9.740892029343803937e-01 9.090696019592696062e-03 1.711276024629515291e+02 7.299999999999999822e-01
9.291329885988720838e-02 4.067969583660560318e+01 9.740892029343803937e-01 9.090696019592696062e-03 1.762362342430599256e+02 7.500000000000000000e-01
9.061000144620702523e-02 3.997617766935027817e+01 9.740892029343803937e-01 9.090696019592696062e-03 1.805644465178428391e+02 7.700000000000000178e-01
8.795092958377818959e-02 3.929686882993491537e+01 9.740892029343803937e-01 9.090696019592696062e-03 1.839603582341839854e+02 7.900000000000000355e-01
8.491200209458422965e-02 3.864071596346789050e+01 9.740892029343803937e-01 9.090696019592696062e-03 1.862444526531478743e+02 8.099999999999998312e-01
8.146037248864505809e-02 3.800671307152170186e+01 9.740892029343803937e-01 9.090696019592696062e-03 1.872005447982608644e+02 8.299999999999998490e-01
7.755102482105138972e-02 3.739390015481503582e+01 9.740892029343803937e-01 9.090696019592696062e-03 1.865621030260677742e+02 8.499999999999998668e-01
7.312121308523153451e-02 3.680136172055825483e+01 9.740892029343803937e-01 9.090696019592696062e-03 1.839904874386125186e+02 8.699999999999998845e-01
6.808082500774562118e-02 3.622822519613148273e+01 9.740892029343803937e-01 9.090696019592696062e-03 1.790381252492499584e+02 8.899999999999999023e-01
6.229433028258118954e-02 3.567365928332461777e+01 9.740892029343803937e-01 9.090696019592696062e-03 1.710810207823467977e+02 9.099999999999999201e-01
5.554314172123457627e-02 3.513687228093108672e+01 9.740892029343803937e-01 9.090696019592696062e-03 1.591809176681836675e+02 9.299999999999999378e-01
4.743377846742428960e-02 3.461711039817630109e+01 9.740892029343803937e-01 9.090696019592696062e-03 1.417556993533497405e+02 9.499999999999999556e-01
3.710754921436162923e-02 3.411365607693753077e+01 9.740892029343803937e-01 9.090696019592696062e-03 1.155585927256289409e+02 9.699999999999999734e-01
2.162656711975905963e-02 3.362582633689422806e+01 9.740892029343803937e-01 9.090696019592696062e-03 7.013247510436580967e+01 9.899999999999999911e-01
