8.315981053661014935e-03 7.846201056154698961e+01 9.760342005069113647e-01 8.618418857034250077e-03 3.969505354624992766e+00 2.100000000000000200e-01
1.619217680279145047e-02 7.696647898601732152e+01 9.760342005069113647e-01 8.618418857034250077e-03 8.414139543905791996e+00 2.300000000000000100e-01
2.308526830516459405e-02 7.549700955407540448e+01 9.760342005069113647e-01 8.618418857034250077e-03 1.301156624736629652e+01 2.500000000000000000e-01
2.971188901584276287e-02 7.405482595773602839e+01 9.760342005069113647e-01 8.618418857034250077e-03 1.810643949399497643e+01 2.700000000000000178e-01
3.617455693562808550e-02 7.264096117945257447e+01 9.760342005069113647e-01 8.618418857034250077e-03 2.376841451219820911e+01 2.900000000000000355e-01
4.246534469617631313e-02 7.125626352139191511e+01 9.760342005069113647e-01 8.618418857034250077e-03 3.000875890635477461e+01 3.099999999999999978e-01
4.854942473310323164e-02 6.990140469256014910e+01 9.760342005069113647e-01 8.618418857034250077e-03 3.681689638789024599e+01 3.300000000000000155e-01
5.438888068014369193e-02 6.857688952242817493e+01 9.760342005069113647e-01 8.618418857034250077e-03 4.417205719598711511e+01 3.500000000000000333e-01
5.995053585771620286e-02 6.728306688598142671e+01 9.760342005069113647e-01 8.618418857034250077e-03 5.204816397930806460e+01 3.699999999999999956e-01
6.520808762513323475e-02 6.602014145466188211e+01 9.760342005069113647e-01 8.618418857034250077e-03 6.041603909393791128e+01 3.900000000000000133e-01
7.014195113490619138e-02 6.478818592642403473e+01 9.760342005069113647e-01 8.618418857034250077e-03 6.924426088959012304e+01 4.099999999999999756e-01
7.473821263013126492e-02 6.358715343237419404e+01 9.760342005069113647e-01 8.618418857034250077e-03 7.849925286485839138e+01 4.299999999999999933e-01
7.898734011240425568e-02 6.241688986401339179e+01 9.760342005069113647e-01 8.618418857034250077e-03 8.814493062915222765e+01 4.500000000000000111e-01
8.288295662288466814e-02 6.127714591139842071e+01 9.760342005069113647e-01 8.618418857034250077e-03 9.814211270958604416e+01 4.699999999999999734e-01
8.642080563295395645e-02 6.016758864660135941e+01 9.760342005069113647e-01 8.618418857034250077e-03 1.084478304101908321e+02 4.899999999999999911e-01
8.959794370404405850e-02 5.908781252737609435e+01 9.760342005069113647e-01 8.618418857034250077e-03 1.190146218911102380e+02 5.100000000000000089e-01
9.241214599498767668e-02 5.803734973204701930e+01 9.760342005069113647e-01 8.618418857034250077e-03 1.297898573853424296e+02 5.300000000000000266e-01
9.486148667841504123e-02 5.701567976796543746e+01 9.760342005069113647e-01 8.618418857034250077e-03 1.407151125192849861e+02 5.500000000000000444e-01
9.694404812865961563e-02 5.602223832231312173e+01 9.760342005069113647e-01 8.618418857034250077e-03 1.517255832891929117e+02 5.700000000000000622e-01
9.865771322571920132e-02 5.505642534578273484e+01 9.760342005069113647e-01 8.618418857034250077e-03 1.627495181165618021e+02 5.900000000000000799e-01
9.999999999999456546e-02 5.411761237704587302e+01 9.760342005069113647e-01 8.618418857034250077e-03 1.737076283203192020e+02 6.099999999999999867e-01
1.009679042834249196e-01 5.320514912937690610e+01 9.760342005069113647e-01 8.618418857034250077e-03 1.845124268345982159e+02 6.299999999999998934e-01
1.015577221226392768e-01 5.231836937083107841e+01 9.760342005069113647e-01 8.618418857034250077e-03 1.950674342305910898e+02 6.499999999999999112e-01
1.017648281287115569e-01 5.145659613647155339e+01 9.760342005069113647e-01 8.618418857034250077e-03 2.052661787207333930e+02 6.699999999999999289e-01
1.015833876973434857e-01 5.061914631577478474e+01 9.760342005069113647e-01 8.618418857034250077e-03 2.149908997472789451e+02 6.899999999999999467e-01
1.010059792170324294e-01 4.980533466100004603e+01 9.760342005069113647e-01 8.618418857034250077e-03 2.241108387233364851e+02 7.099999999999999645e-01
1.000230958154403188e-01 4.901447726334369293e+01 9.760342005069113647e-01 8.618418857034250077e-03 2.324799591529209124e+02 7.299999999999999822e-01
9.862248295764626527e-02 4.824589454349791851e+01 9.760342005069113647e-01 8.618418857034250077e-03 2.399338715563855828e+02 7.500000000000000000e-01
9.678824479797785985e-02 4.749891380209202651e+01 9.760342005069113647e-01 8.618418857034250077e-03 2.462856289968751184e+02 7.700000000000000178e-01
9.449961190210948159e-02 4.677287137367691372e+01 9.760342005069113647e-01 8.618418857034250077e-03 2.513198750658573886e+02 7.900000000000000355e-01
9.172919256791546572e-02 4.606711442558213321e+01 9.760342005069113647e-01 8.618418857034250077e-03 2.547845077779559801e+02 8.099999999999998312e-01
8.844040226318602982e-02 4.538100244039831210e+01 9.760342005069113647e-01 8.618418857034250077e-03 2.563784485151459194e+02 8.299999999999998490e-01
8.458352148739825549e-02 4.471390841801379423e+01 9.760342005069113647e-01 8.618418857034250077e-03 2.557330140577400357e+02 8.499999999999998668e-01
8.008933367045574514e-02 4.406521983032352807e+01 9.760342005069113647e-01 8.618418857034250077e-03 2.523821788812446130e+02 8.699999999999998845e-01
7.485818982834933910e-02 4.343433935886972108e+01 9.760342005069113647e-01 8.618418857034250077e-03 2.457121592141632505e+02 8.899999999999999023e-01
6.873963123415895160e-02 4.282068544291088585e+01 9.760342005069113647e-01 8.618418857034250077e-03 2.348689275158530450e+02 9.099999999999999201e-01
6.149004197100436248e-02 4.222369266278660405e+01 9.760342005069113647e-01 8.618418857034250077e-03 2.185692403549005576e+02 9.299999999999999378e-01
5.266953708893554881e-02 4.164281198091664038e+01 9.760342005069113647e-01 8.618418857034250077e-03 1.946486490465459838e+02 9.499999999999999556e-01
4.131646352795576016e-02 4.107751086044937239e+01 9.760342005069113647e-01 8.618418857034250077e-03 1.586613387338770167e+02 9.699999999999999734e-01
2.414007889981929778e-02 4.052727327938967505e+01 9.760342005069113647e-01 8.618418857034250077e-03 9.627148312324611368e+01 9.899999999999999911e-01
