6.839891965065473568e-03 8.154218104709543979e+01 9.711705108234235384e-01 8.202233415998801125e-03 5.108812551592995632e+00 2.100000000000000200e-01
1.342004778377101082e-02 8.030257683149778813e+01 9.711705108234235384e-01 8.202233415998801125e-03 1.082316430968522525e+01 2.300000000000000100e-01
1.929259217292058487e-02 7.907742430404023537e+01 9.711705108234235384e-01 8.202233415998801125e-03 1.674232498928732582e+01 2.500000000000000000e-01
2.505329587975817576e-02 7.786759111319857141e+01 9.711705108234235384e-01 8.202233415998801125e-03 2.332407397084312706e+01 2.700000000000000178e-01
3.079353059554730890e-02 7.667386508170069703e+01 9.711705108234235384e-01 8.202233415998801125e-03 3.067338357823210160e+01 2.900000000000000355e-01
3.651062723261732507e-02 7.549695379750666291e+01 9.711705108234235384e-01 8.202233415998801125e-03 3.882074353476171780e+01 3.099999999999999978e-01
4.217577990697934237e-02 7.433748503646428674e+01 9.711705108234235384e-01 8.202233415998801125e-03 4.776822970119673073e+01 3.300000000000000155e-01
4.775363851447535224e-02 7.319600793764782054e+01 9.711705108234235384e-01 8.202233415998801125e-03 5.750356526981739336e+01 3.500000000000000333e-01
5.320916432608135960e-02 7.207299484502411246e+01 9.711705108234235384e-01 8.202233415998801125e-03 6.800567023773886888e+01 3.699999999999999956e-01
5.851001974756450674e-02 7.096884372500070981e+01 9.711705108234235384e-01 8.202233415998801125e-03 7.924701475102193626e+01 3.900000000000000133e-01
6.362715789368979247e-02 6.988388106827957813e+01 9.711705108234235384e-01 8.202233415998801125e-03 9.119447850156869606e+01 4.099999999999999756e-01
6.853466715148395783e-02 6.881836518587192586e+01 9.711705108234235384e-01 8.202233415998801125e-03 1.038094241362535541e+02 4.299999999999999933e-01
7.320934126738010139e-02 6.777248981268614614e+01 9.711705108234235384e-01 8.202233415998801125e-03 1.170473434680221771e+02 4.500000000000000111e-01
7.763019336293264239e-02 6.674638793733321052e+01 9.711705108234235384e-01 8.202233415998801125e-03 1.308572815476122742e+02 4.699999999999999734e-01
8.177801056640592037e-02 6.574013578325809704e+01 9.711705108234235384e-01 8.202233415998801125e-03 1.451811609571135477e+02 4.899999999999999911e-01
8.563498380228022622e-02 6.475375687360363486e+01 9.711705108234235384e-01 8.202233415998801125e-03 1.599530770516965390e+02 5.100000000000000089e-01
8.918441535645559026e-02 6.378722611996732894e+01 9.711705108234235384e-01 8.202233415998801125e-03 1.750985993119033139e+02 5.300000000000000266e-01
9.241049116263141960e-02 6.284047388312753668e+01 9.711705108234235384e-01 8.202233415998801125e-03 1.905340877830407464e+02 5.500000000000000444e-01
9.529809799934653436e-02 6.191338996161647401e+01 9.711705108234235384e-01 8.202233415998801125e-03 2.061660132144317004e+02 5.700000000000000622e-01
9.783266383693170476e-02 6.100582747152009944e+01 9.711705108234235384e-01 8.202233415998801125e-03 2.218902527510117864e+02 5.900000000000000799e-01
1.000000000000031142e-01 6.011760658792734091e+01 9.711705108234235384e-01 8.202233415998801125e-03 2.375913181792386126e+02 6.099999999999999867e-01
1.017861250867230921e-01 5.924851812492776304e+01 9.711705108234235384e-01 8.202233415998801125e-03 2.531414591912620722e+02 6.299999999999998934e-01
1.031770516576368396e-01 5.839832693691387533e+01 9.711705108234235384e-01 8.202233415998801125e-03 2.683995680388226788e+02 6.499999999999999112e-01
1.041585167352008928e-01 5.756677512913859829e+01 9.711705108234235384e-01 8.202233415998801125e-03 2.832097918380999317e+02 6.699999999999999289e-01
1.047156353242943289e-01 5.675358507001318742e+01 9.711705108234235384e-01 8.202233415998801125e-03 2.973997311249684117e+02 6.899999999999999467e-01
1.048324514832744969e-01 5.595846220152932915e+01 9.711705108234235384e-01 8.202233415998801125e-03 3.107780627078931843e+02 7.099999999999999645e-01
1.044913524979332597e-01 5.518109764746239421e+01 9.711705108234235384e-01 8.202233415998801125e-03 3.231313629325289867e+02 7.299999999999999822e-01
1.036722960663849086e-01 5.442117062173528552e+01 9.711705108234235384e-01 8.202233415998801125e-03 3.342198100557613998e+02 7.500000000000000000e-01
1.023517739094611106e-01 5.367835064152258440e+01 9.711705108234235384e-01 8.202233415998801125e-03 3.437712869629202146e+02 7.700000000000000178e-01
1.005013901312550167e-01 5.295229955140144540e+01 9.711705108234235384e-01 8.202233415998801125e-03 3.514731432035661101e+02 7.900000000000000355e-01
9.808585393834164112e-02 5.224267336619205082e+01 9.711705108234235384e-01 8.202233415998801125e-03 3.569604226873595962e+02 8.099999999999998312e-01
9.506004331567176335e-02 5.154912394110135665e+01 9.711705108234235384e-01 8.202233415998801125e-03 3.597985476799314597e+02 8.299999999999998490e-01
9.136452253914230381e-02 5.087130047844198799e+01 9.711705108234235384e-01 8.202233415998801125e-03 3.594569002736259904e+02 8.499999999999998668e-01
8.691833735297617436e-02 5.020885088061633184e+01 9.711705108234235384e-01 8.202233415998801125e-03 3.552666028235140629e+02 8.699999999999998845e-01
8.160667345993313782e-02 4.956142295924179564e+01 9.711705108234235384e-01 8.202233415998801125e-03 3.463489033962260351e+02 8.899999999999999023e-01
7.525792282512180909e-02 4.892866551031947608e+01 9.711705108234235384e-01 8.202233415998801125e-03 3.314837846693662868e+02 9.099999999999999201e-01
6.759613060856216327e-02 4.831022926521177396e+01 9.711705108234235384e-01 8.202233415998801125e-03 3.088415279271652594e+02 9.299999999999999378e-01
5.812542462067104426e-02 4.770576772696867351e+01 9.711705108234235384e-01 8.202233415998801125e-03 2.753408260024486935e+02 9.499999999999999556e-01
4.576580343148913682e-02 4.711493790121772207e+01 9.711705108234235384e-01 8.202233415998801125e-03 2.246610504259440404e+02 9.699999999999999734e-01
2.683451320429914785e-02 4.653740093044302029e+01 9.711705108234235384e-01 8.202233415998801125e-03 1.364453924620550538e+02 9.899999999999999911e-01
