0.000000000000000000e+00 1.039475896062811398e-02 6.694082585737693591e+01
0.000000000000000000e+00 1.899186973609563386e-02 6.579398927700037802e+01
0.000000000000000000e+00 2.572241049549285966e-02 6.467325938359665827e+01
0.000000000000000000e+00 3.176903031200293409e-02 6.357855999588776541e+01
0.000000000000000000e+00 3.742614362257488947e-02 6.250974146277911103e+01
0.000000000000000000e+00 4.280208680643916158e-02 6.146658869981785500e+01
0.000000000000000000e+00 4.794046649258458526e-02 6.044882888375015995e+01
0.000000000000000000e+00 5.285728974835121607e-02 5.945613874336847005e+01
0.000000000000000000e+00 5.755572826916274809e-02 5.848815140382182420e+01
0.000000000000000000e+00 6.203298921829533685e-02 5.754446275787303478e+01
0.000000000000000000e+00 6.628385623157068141e-02 5.662463735130309317e+01
0.000000000000000000e+00 7.030263501919216396e-02 5.572821378090227995e+01
0.000000000000000000e+00 7.408425578411888257e-02 5.485470961248125121e+01
0.000000000000000000e+00 7.762489342617147348e-02 5.400362583329175692e+01
0.000000000000000000e+00 8.092229376763991622e-02 5.317445085846932074e+01
0.000000000000000000e+00 8.397591139176525943e-02 5.236666411480396022e+01
0.000000000000000000e+00 8.678692247447118702e-02 5.157973922759309460e+01
0.000000000000000000e+00 8.935815318807703578e-02 5.081314683773739205e+01
0.000000000000000000e+00 9.169395127953593183e-02 5.006635707682111303e+01
0.000000000000000000e+00 9.380002063059986184e-02 4.933884172782488520e+01
0.000000000000000000e+00 9.568323363139834281e-02 4.863007609855175417e+01
0.000000000000000000e+00 9.735143279230139279e-02 4.793954063387019460e+01
0.000000000000000000e+00 9.881323050993105761e-02 4.726672229167373729e+01
0.000000000000000000e+00 1.000778139230519004e-01 4.661111570602444942e+01
0.000000000000000000e+00 1.011547601506672805e-01 4.597222415947766194e+01
0.000000000000000000e+00 1.020538657923994313e-01 4.534956038496331843e+01
0.000000000000000000e+00 1.027849933488810957e-01 4.474264721609709028e+01
0.000000000000000000e+00 1.033579361588474188e-01 4.415101810318486031e+01
0.000000000000000000e+00 1.037823025485662826e-01 4.357421751072057248e+01
0.000000000000000000e+00 1.040674191393472225e-01 4.301180121073190321e+01
0.000000000000000000e+00 1.042222526575732888e-01 4.246333648499179958e+01
0.000000000000000000e+00 1.042553491278889188e-01 4.192840224779530445e+01
0.000000000000000000e+00 1.041747889994290022e-01 4.140658909989512182e+01
0.000000000000000000e+00 1.039881565337128638e-01 4.089749932300592405e+01
0.000000000000000000e+00 1.037025216673542888e-01 4.040074682337117196e+01
0.000000000000000000e+00 1.033244325246774065e-01 3.991595703188566091e+01
0.000000000000000000e+00 1.028599167893232830e-01 3.944276676749672106e+01
0.000000000000000000e+00 1.023144902244031013e-01 3.898082406977551528e+01
0.000000000000000000e+00 1.016931707536283952e-01 3.852978800594511455e+01
0.000000000000000000e+00 1.010004966568605750e-01 3.808932845693587410e+01
0.000000000000000000e+00 1.002405475941100382e-01 3.765912588655829296e+01
0.000000000000000000e+00 9.941696733268799713e-02 3.723887109733310297e+01
0.000000000000000000e+00 9.853298721237824243e-02 3.682826497608476046e+01
0.000000000000000000e+00 9.759144953551236734e-02 3.642701823202301625e+01
0.000000000000000000e+00 9.659483020511488993e-02 3.603485112961150350e+01
0.000000000000000000e+00 9.554526006136218608e-02 3.565149321831611928e+01
0.000000000000000000e+00 9.444454446766296918e-02 3.527668306091546668e+01
0.000000000000000000e+00 9.329418078792192648e-02 3.491016796190856297e+01
0.000000000000000000e+00 9.209537346181967399e-02 3.455170369728394775e+01
0.000000000000000000e+00 9.084904643185198747e-02 3.420105424671877614e+01
0.000000000000000000e+00 8.955585270220528527e-02 3.385799152910471577e+01
0.000000000000000000e+00 8.821618081653014032e-02 3.352229514220228168e+01
0.000000000000000000e+00 8.683015802067944877e-02 3.319375210698207468e+01
0.000000000000000000e+00 8.539764983818153021e-02 3.287215661719410065e+01
0.000000000000000000e+00 8.391825571600586287e-02 3.255730979457785423e+01
0.000000000000000000e+00 8.239130029445798642e-02 3.224901944998308068e+01
0.000000000000000000e+00 8.081581971617632365e-02 3.194709985070538494e+01
0.000000000000000000e+00 7.919054219046871290e-02 3.165137149414438866e+01
0.000000000000000000e+00 7.751386176881633339e-02 3.136166088794020013e+01
0.000000000000000000e+00 7.578380392711758784e-02 3.107780033664395702e+01
0.000000000000000000e+00 7.399798105874813570e-02 3.079962773493820904e+01
0.000000000000000000e+00 7.215353530085186207e-02 3.052698636739529903e+01
0.000000000000000000e+00 7.024706515668753537e-02 3.025972471475988712e+01
0.000000000000000000e+00 6.827453099823413418e-02 2.999769626661674238e+01
0.000000000000000000e+00 6.623113252963312714e-02 2.974075934046149428e+01
0.000000000000000000e+00 6.411114828875603966e-02 2.948877690692246034e+01
0.000000000000000000e+00 6.190772269814512341e-02 2.924161642118372484e+01
0.000000000000000000e+00 5.961257899494831758e-02 2.899914966031948893e+01
0.000000000000000000e+00 5.721562479306457200e-02 2.876125256649134698e+01
0.000000000000000000e+00 5.470439767583737400e-02 2.852780509581507218e+01
0.000000000000000000e+00 5.206326460496480540e-02 2.829869107276102014e+01
0.000000000000000000e+00 4.927222781543103003e-02 2.807379804993758654e+01
0.000000000000000000e+00 4.630507256846285585e-02 2.785301717306185765e+01
0.000000000000000000e+00 4.312635178490508564e-02 2.763624305097695455e+01
0.000000000000000000e+00 3.968616852461927247e-02 2.742337363059558086e+01
0.000000000000000000e+00 3.591040135656917848e-02 2.721431007647466060e+01
0.000000000000000000e+00 3.168029670002322357e-02 2.700895665507078292e+01
0.000000000000000000e+00 2.678255934118125084e-02 2.680722062327552280e+01
0.000000000000000000e+00 2.075108156512627672e-02 2.660901212130710647e+01
0.000000000000000000e+00 1.198339372003702843e-02 2.641424406964224403e+01
