0.000000000000000000e+00 1.510896247965191029e-02 6.636414256538789402e+01
0.000000000000000000e+00 2.880579024265152860e-02 6.412266360344244731e+01
0.000000000000000000e+00 4.014562465189837337e-02 6.198497264576467813e+01
0.000000000000000000e+00 5.042617685868118482e-02 5.994937208883393964e+01
0.000000000000000000e+00 5.982230331917706700e-02 5.801329629096955642e+01
0.000000000000000000e+00 6.832259719625566330e-02 5.617353005021175250e+01
0.000000000000000000e+00 7.588487754896511284e-02 5.442639689762803812e+01
0.000000000000000000e+00 8.247954175370250662e-02 5.276791675493925027e+01
0.000000000000000000e+00 8.810227250666714804e-02 5.119393460212380376e+01
0.000000000000000000e+00 9.277529761373583261e-02 4.970022299681499334e+01
0.000000000000000000e+00 9.654368738501302449e-02 4.828256182803175278e+01
0.000000000000000000e+00 9.946958249938911423e-02 4.693679878700152130e+01
0.000000000000000000e+00 1.016259265072521345e-01 4.565889386701221042e+01
0.000000000000000000e+00 1.030906317649222664e-01 4.444495088567362728e+01
0.000000000000000000e+00 1.039416974191791909e-01 4.329123864061522653e+01
0.000000000000000000e+00 1.042535016596374681e-01 4.219420391688401395e+01
0.000000000000000000e+00 1.040942777478734704e-01 4.115047819240771076e+01
0.000000000000000000e+00 1.035246450214621222e-01 4.015687955300797540e+01
0.000000000000000000e+00 1.025969922686437719e-01 3.921041103714580345e+01
0.000000000000000000e+00 1.013554875664070265e-01 3.830825638333245564e+01
0.000000000000000000e+00 9.983650001449374811e-02 3.744777394718749974e+01
0.000000000000000000e+00 9.806924999463524639e-02 3.662648938617029870e+01
0.000000000000000000e+00 9.607654373717672280e-02 3.584208757296242709e+01
0.000000000000000000e+00 9.387548665469493125e-02 3.509240408850931914e+01
0.000000000000000000e+00 9.147810283843749168e-02 3.437541655831598320e+01
0.000000000000000000e+00 8.889181246508358336e-02 3.368923602652274951e+01
0.000000000000000000e+00 8.611973332145753113e-02 3.303209850834571171e+01
0.000000000000000000e+00 8.316077644956204606e-02 3.240235681946023050e+01
0.000000000000000000e+00 8.000949775237539696e-02 3.179847274869004536e+01
0.000000000000000000e+00 7.665564396845266082e-02 3.121900961564830723e+01
0.000000000000000000e+00 7.308328490323680315e-02 3.066262523641067261e+01
0.000000000000000000e+00 6.926933660354249456e-02 3.012806530636002478e+01
0.000000000000000000e+00 6.518111258692099730e-02 2.961415719933411950e+01
0.000000000000000000e+00 6.077219827948098646e-02 2.911980417457880321e+01
0.000000000000000000e+00 5.597518650839631432e-02 2.864397997822338837e+01
0.000000000000000000e+00 5.068794895716438598e-02 2.818572382237918816e+01
0.000000000000000000e+00 4.474485418276712839e-02 2.774413572279354767e+01
0.000000000000000000e+00 3.784624759330061650e-02 2.731837217497695747e+01
0.000000000000000000e+00 2.933465819708205857e-02 2.690764214805800236e+01
0.000000000000000000e+00 1.694519622889418403e-02 2.651120337579192565e+01
