1.452667979869503467e+00
1.452667979869503467e+00
1.452667979869503467e+00
1.452667979869503467e+00
1.452667979869503467e+00
1.452667979869503467e+00
1.452667979869503467e+00
1.452667979869503467e+00
1.452667979869503023e+00
1.452667979869503023e+00
1.452667979869503023e+00
1.452667979869503023e+00
1.452667979869503023e+00
1.452667979869503023e+00
1.452667979869503023e+00
1.452667979869503023e+00
1.452667979869503023e+00
1.452667979869503023e+00
1.452667979869503023e+00
1.452667979869503023e+00
1.452667979869503023e+00
1.452667979869503023e+00
1.452667979869503023e+00
1.452667979869503467e+00
1.452667979869503467e+00
1.452667979869503467e+00
1.452667979869503467e+00
1.452667979869503467e+00
1.452667979869503467e+00
1.452667979869503467e+00
1.354587550783012961e+00
1.354587550783012961e+00
1.354587550783012961e+00
1.354587550783012961e+00
1.354587550783012961e+00
1.354587550783012961e+00
1.354587550783012073e+00
1.354587550783012073e+00
1.354587550783010741e+00
1.354587550783010741e+00
1.354587550783010741e+00
1.354587550783010741e+00
1.354587550783010741e+00
1.354587550783010741e+00
1.354587550783010741e+00
1.354587550783010741e+00
1.354587550783010741e+00
1.354587550783010741e+00
1.354587550783010741e+00
1.354587550783010741e+00
1.354587550783010741e+00
1.354587550783010741e+00
1.354587550783010741e+00
1.354587550783012073e+00
1.354587550783012073e+00
1.354587550783012961e+00
1.354587550783012961e+00
1.354587550783012961e+00
1.354587550783012961e+00
1.354587550783012961e+00
1.256535568203708930e+00
1.256535568203708264e+00
1.256535568203708264e+00
1.256535568203708264e+00
1.256535568203708264e+00
1.256535568203708264e+00
1.256535568203708264e+00
1.256535568203707154e+00
1.256535568203707154e+00
1.256535568203707154e+00
1.256535568203706488e+00
1.256535568203706488e+00
1.256535568203705600e+00
1.256535568203705600e+00
1.256535568203705600e+00
1.256535568203705600e+00
1.256535568203705600e+00
1.256535568203705600e+00
1.256535568203705600e+00
1.256535568203706488e+00
1.256535568203706488e+00
1.256535568203707154e+00
1.256535568203707154e+00
1.256535568203707154e+00
1.256535568203708264e+00
1.256535568203708264e+00
1.256535568203708264e+00
1.256535568203708264e+00
1.256535568203708264e+00
1.256535568203708264e+00
1.215324310172525291e+00
1.215324310172525291e+00
1.215324310172525291e+00
1.215324310172524402e+00
1.215324310172524402e+00
1.215324310172524402e+00
1.215324310172523958e+00
1.215324310172523958e+00
1.215324310172522848e+00
1.215324310172522404e+00
1.215324310172522404e+00
1.215324310172521294e+00
1.215324310172521294e+00
1.215324310172521294e+00
1.215324310172521294e+00
1.215324310172520850e+00
1.215324310172521294e+00
1.215324310172521294e+00
1.215324310172521294e+00
1.215324310172521294e+00
1.215324310172522404e+00
1.215324310172522404e+00
1.215324310172522848e+00
1.215324310172523958e+00
1.215324310172523958e+00
1.215324310172524402e+00
1.215324310172524402e+00
1.215324310172524402e+00
1.215324310172525291e+00
1.215324310172525291e+00
1.200715965028426258e+00
1.200715965028426258e+00
1.200715965028426258e+00
1.200715965028426258e+00
1.200715965028425591e+00
1.200715965028424925e+00
1.200715965028424925e+00
1.200715965028424259e+00
1.200715965028424259e+00
1.200715965028423593e+00
1.200715965028423593e+00
1.200715965028422927e+00
1.200715965028422927e+00
1.200715965028422927e+00
1.200715965028422261e+00
1.200715965028422261e+00
1.200715965028422261e+00
1.200715965028422927e+00
1.200715965028422927e+00
1.200715965028422927e+00
1.200715965028423593e+00
1.200715965028423593e+00
1.200715965028424259e+00
1.200715965028424259e+00
1.200715965028424925e+00
1.200715965028424925e+00
1.200715965028425591e+00
1.200715965028426258e+00
1.200715965028426258e+00
1.200715965028426258e+00
1.200756148188682371e+00
1.200756148188682371e+00
1.200756148188681705e+00
1.200756148188681705e+00
1.200756148188681705e+00
1.200756148188681260e+00
1.200756148188681260e+00
1.200756148188680150e+00
1.200756148188679706e+00
1.200756148188679706e+00
1.200756148188679484e+00
1.200756148188678374e+00
1.200756148188678374e+00
1.200756148188678374e+00
1.200756148188678374e+00
1.200756148188678374e+00
1.200756148188678374e+00
1.200756148188678374e+00
1.200756148188678374e+00
1.200756148188678374e+00
1.200756148188679484e+00
1.200756148188679706e+00
1.200756148188679706e+00
1.200756148188680150e+00
1.200756148188681260e+00
1.200756148188681260e+00
1.200756148188681705e+00
1.200756148188681705e+00
1.200756148188681705e+00
1.200756148188682371e+00
1.209001516198940029e+00
1.209001516198940029e+00
1.209001516198940029e+00
1.209001516198939141e+00
1.209001516198938697e+00
1.209001516198938697e+00
1.209001516198938031e+00
1.209001516198937143e+00
1.209001516198937143e+00
1.209001516198936699e+00
1.209001516198936255e+00
1.209001516198936255e+00
1.209001516198935366e+00
1.209001516198935366e+00
1.209001516198935366e+00
1.209001516198935366e+00
1.209001516198935366e+00
1.209001516198935366e+00
1.209001516198935366e+00
1.209001516198936255e+00
1.209001516198936255e+00
1.209001516198936699e+00
1.209001516198937143e+00
1.209001516198937143e+00
1.209001516198938031e+00
1.209001516198938697e+00
1.209001516198938697e+00
1.209001516198939141e+00
1.209001516198940029e+00
1.209001516198940029e+00
1.221940851923527305e+00
1.221940851923527305e+00
1.221940851923527305e+00
1.221940851923527305e+00
1.221940851923526639e+00
1.221940851923526195e+00
1.221940851923526195e+00
1.221940851923525084e+00
1.221940851923524640e+00
1.221940851923523974e+00
1.221940851923523974e+00
1.221940851923523308e+00
1.221940851923522864e+00
1.221940851923522864e+00
1.221940851923522864e+00
1.221940851923521976e+00
1.221940851923522864e+00
1.221940851923522864e+00
1.221940851923522864e+00
1.221940851923523308e+00
1.221940851923523974e+00
1.221940851923523974e+00
1.221940851923524640e+00
1.221940851923525084e+00
1.221940851923526195e+00
1.221940851923526195e+00
1.221940851923526639e+00
1.221940851923527305e+00
1.221940851923527305e+00
1.221940851923527305e+00
1.238504323674822105e+00
1.238504323674822105e+00
1.238504323674822105e+00
1.238504323674820995e+00
1.238504323674820995e+00
1.238504323674820329e+00
1.238504323674819663e+00
1.238504323674818774e+00
1.238504323674818330e+00
1.238504323674818330e+00
1.238504323674817886e+00
1.238504323674816998e+00
1.238504323674816554e+00
1.238504323674816554e+00
1.238504323674816554e+00
1.238504323674816554e+00
1.238504323674816554e+00
1.238504323674816554e+00
1.238504323674816554e+00
1.238504323674816998e+00
1.238504323674817886e+00
1.238504323674818330e+00
1.238504323674818330e+00
1.238504323674818774e+00
1.238504323674819663e+00
1.238504323674820329e+00
1.238504323674820995e+00
1.238504323674820995e+00
1.238504323674822105e+00
1.238504323674822105e+00
1.258162199563459094e+00
1.258162199563459094e+00
1.258162199563458428e+00
1.258162199563457539e+00
1.258162199563457539e+00
1.258162199563456873e+00
1.258162199563456429e+00
1.258162199563456429e+00
1.258162199563455319e+00
1.258162199563453987e+00
1.258162199563453987e+00
1.258162199563453321e+00
1.258162199563452432e+00
1.258162199563452432e+00
1.258162199563452432e+00
1.258162199563452432e+00
1.258162199563452432e+00
1.258162199563452432e+00
1.258162199563452432e+00
1.258162199563453321e+00
1.258162199563453987e+00
1.258162199563453987e+00
1.258162199563455319e+00
1.258162199563456429e+00
1.258162199563456429e+00
1.258162199563456873e+00
1.258162199563457539e+00
1.258162199563457539e+00
1.258162199563458428e+00
1.258162199563459094e+00
1.280643812038237961e+00
1.280643812038237961e+00
1.280643812038237961e+00
1.280643812038237961e+00
1.280643812038237073e+00
1.280643812038237073e+00
1.280643812038235740e+00
1.280643812038234852e+00
1.280643812038233964e+00
1.280643812038233964e+00
1.280643812038232188e+00
1.280643812038232188e+00
1.280643812038231522e+00
1.280643812038231522e+00
1.280643812038230855e+00
1.280643812038230855e+00
1.280643812038230855e+00
1.280643812038231522e+00
1.280643812038231522e+00
1.280643812038232188e+00
1.280643812038232188e+00
1.280643812038233964e+00
1.280643812038233964e+00
1.280643812038234852e+00
1.280643812038235740e+00
1.280643812038237073e+00
1.280643812038237073e+00
1.280643812038237961e+00
1.280643812038237961e+00
1.280643812038237961e+00
1.306569264218837789e+00
1.306569264218837789e+00
1.306569264218836679e+00
1.306569264218836679e+00
1.306569264218836679e+00
1.306569264218835791e+00
1.306569264218834237e+00
1.306569264218834237e+00
1.306569264218833348e+00
1.306569264218832682e+00
1.306569264218830906e+00
1.306569264218830906e+00
1.306569264218830240e+00
1.306569264218830240e+00
1.306569264218828907e+00
1.306569264218828907e+00
1.306569264218828907e+00
1.306569264218830240e+00
1.306569264218830240e+00
1.306569264218830906e+00
1.306569264218830906e+00
1.306569264218832682e+00
1.306569264218833348e+00
1.306569264218834237e+00
1.306569264218834237e+00
1.306569264218835791e+00
1.306569264218836679e+00
1.306569264218836679e+00
1.306569264218836679e+00
1.306569264218837789e+00
1.336652471431477807e+00
1.336652471431477807e+00
1.336652471431477807e+00
1.336652471431477140e+00
1.336652471431477140e+00
1.336652471431476030e+00
1.336652471431474920e+00
1.336652471431473144e+00
1.336652471431473144e+00
1.336652471431471367e+00
1.336652471431471367e+00
1.336652471431470479e+00
1.336652471431469591e+00
1.336652471431468259e+00
1.336652471431468259e+00
1.336652471431468259e+00
1.336652471431468259e+00
1.336652471431468259e+00
1.336652471431469591e+00
1.336652471431470479e+00
1.336652471431471367e+00
1.336652471431471367e+00
1.336652471431473144e+00
1.336652471431473144e+00
1.336652471431474920e+00
1.336652471431476030e+00
1.336652471431477140e+00
1.336652471431477140e+00
1.336652471431477807e+00
1.336652471431477807e+00
1.371370970654946397e+00
1.371370970654946397e+00
1.371370970654945509e+00
1.371370970654945509e+00
1.371370970654944399e+00
1.371370970654943733e+00
1.371370970654943733e+00
1.371370970654941290e+00
1.371370970654940180e+00
1.371370970654939292e+00
1.371370970654938182e+00
1.371370970654937294e+00
1.371370970654935961e+00
1.371370970654935961e+00
1.371370970654935961e+00
1.371370970654935961e+00
1.371370970654935961e+00
1.371370970654935961e+00
1.371370970654935961e+00
1.371370970654937294e+00
1.371370970654938182e+00
1.371370970654939292e+00
1.371370970654940180e+00
1.371370970654941290e+00
1.371370970654943733e+00
1.371370970654943733e+00
1.371370970654944399e+00
1.371370970654945509e+00
1.371370970654945509e+00
1.371370970654946397e+00
1.411873810247687544e+00
1.411873810247687544e+00
1.411873810247686656e+00
1.411873810247686656e+00
1.411873810247685768e+00
1.411873810247684435e+00
1.411873810247684435e+00
1.411873810247683103e+00
1.411873810247681105e+00
1.411873810247679772e+00
1.411873810247678884e+00
1.411873810247677552e+00
1.411873810247676220e+00
1.411873810247676220e+00
1.411873810247675332e+00
1.411873810247675332e+00
1.411873810247675332e+00
1.411873810247676220e+00
1.411873810247676220e+00
1.411873810247677552e+00
1.411873810247678884e+00
1.411873810247679772e+00
1.411873810247681105e+00
1.411873810247683103e+00
1.411873810247684435e+00
1.411873810247684435e+00
1.411873810247685768e+00
1.411873810247686656e+00
1.411873810247686656e+00
1.411873810247687544e+00
1.458310066592265919e+00
1.458310066592265919e+00
1.458310066592265031e+00
1.458310066592265031e+00
1.458310066592263698e+00
1.458310066592262810e+00
1.458310066592261478e+00
1.458310066592260146e+00
1.458310066592259480e+00
1.458310066592257925e+00
1.458310066592257037e+00
1.458310066592254817e+00
1.458310066592254817e+00
1.458310066592253484e+00
1.458310066592253484e+00
1.458310066592253484e+00
1.458310066592253484e+00
1.458310066592253484e+00
1.458310066592254817e+00
1.458310066592254817e+00
1.458310066592257037e+00
1.458310066592257925e+00
1.458310066592259480e+00
1.458310066592260146e+00
1.458310066592261478e+00
1.458310066592262810e+00
1.458310066592263698e+00
1.458310066592265031e+00
1.458310066592265031e+00
1.458310066592265919e+00
1.505815127925274943e+00
1.505815127925274055e+00
1.505815127925274055e+00
1.505815127925274055e+00
1.505815127925272945e+00
1.505815127925272279e+00
1.505815127925271169e+00
1.505815127925269836e+00
1.505815127925267838e+00
1.505815127925266728e+00
1.505815127925265617e+00
1.505815127925264951e+00
1.505815127925263841e+00
1.505815127925263841e+00
1.505815127925263841e+00
1.505815127925263841e+00
1.505815127925263841e+00
1.505815127925263841e+00
1.505815127925263841e+00
1.505815127925264951e+00
1.505815127925265617e+00
1.505815127925266728e+00
1.505815127925267838e+00
1.505815127925269836e+00
1.505815127925271169e+00
1.505815127925272279e+00
1.505815127925272945e+00
1.505815127925274055e+00
1.505815127925274055e+00
1.505815127925274055e+00
1.547945980528292687e+00
1.547945980528292687e+00
1.547945980528292020e+00
1.547945980528291354e+00
1.547945980528291354e+00
1.547945980528289578e+00
1.547945980528289578e+00
1.547945980528288690e+00
1.547945980528287135e+00
1.547945980528286469e+00
1.547945980528285581e+00
1.547945980528284693e+00
1.547945980528283805e+00
1.547945980528283805e+00
1.547945980528282917e+00
1.547945980528282917e+00
1.547945980528282917e+00
1.547945980528283805e+00
1.547945980528283805e+00
1.547945980528284693e+00
1.547945980528285581e+00
1.547945980528286469e+00
1.547945980528287135e+00
1.547945980528288690e+00
1.547945980528289578e+00
1.547945980528289578e+00
1.547945980528291354e+00
1.547945980528291354e+00
1.547945980528292020e+00
1.547945980528292687e+00
1.576366479748375404e+00
1.576366479748374960e+00
1.576366479748374738e+00
1.576366479748374738e+00
1.576366479748374072e+00
1.576366479748374072e+00
1.576366479748373184e+00
1.576366479748373184e+00
1.576366479748372740e+00
1.576366479748372518e+00
1.576366479748372296e+00
1.576366479748371630e+00
1.576366479748370963e+00
1.576366479748370519e+00
1.576366479748370519e+00
1.576366479748370519e+00
1.576366479748370519e+00
1.576366479748370519e+00
1.576366479748370963e+00
1.576366479748371630e+00
1.576366479748372296e+00
1.576366479748372518e+00
1.576366479748372740e+00
1.576366479748373184e+00
1.576366479748373184e+00
1.576366479748374072e+00
1.576366479748374072e+00
1.576366479748374738e+00
1.576366479748374738e+00
1.576366479748374960e+00
1.581010370388699959e+00
1.581010370388699959e+00
1.581010370388700181e+00
1.581010370388700625e+00
1.581010370388700625e+00
1.581010370388701292e+00
1.581010370388701292e+00
1.581010370388701514e+00
1.581010370388702180e+00
1.581010370388702402e+00
1.581010370388702402e+00
1.581010370388702402e+00
1.581010370388703068e+00
1.581010370388703290e+00
1.581010370388703290e+00
1.581010370388703290e+00
1.581010370388703290e+00
1.581010370388703290e+00
1.581010370388703068e+00
1.581010370388702402e+00
1.581010370388702402e+00
1.581010370388702402e+00
1.581010370388702180e+00
1.581010370388701514e+00
1.581010370388701292e+00
1.581010370388701292e+00
1.581010370388700625e+00
1.581010370388700625e+00
1.581010370388700181e+00
1.581010370388699959e+00
1.553144262365264261e+00
1.553144262365264261e+00
1.553144262365264261e+00
1.553144262365265371e+00
1.553144262365266259e+00
1.553144262365267370e+00
1.553144262365267370e+00
1.553144262365269368e+00
1.553144262365270256e+00
1.553144262365271144e+00
1.553144262365273587e+00
1.553144262365273587e+00
1.553144262365274475e+00
1.553144262365274475e+00
1.553144262365275141e+00
1.553144262365275141e+00
1.553144262365275141e+00
1.553144262365274475e+00
1.553144262365274475e+00
1.553144262365273587e+00
1.553144262365273587e+00
1.553144262365271144e+00
1.553144262365270256e+00
1.553144262365269368e+00
1.553144262365267370e+00
1.553144262365267370e+00
1.553144262365266259e+00
1.553144262365265371e+00
1.553144262365264261e+00
1.553144262365264261e+00
1.489216883188313245e+00
1.489216883188313245e+00
1.489216883188315022e+00
1.489216883188315022e+00
1.489216883188316798e+00
1.489216883188318352e+00
1.489216883188320129e+00
1.489216883188321683e+00
1.489216883188325236e+00
1.489216883188326568e+00
1.489216883188328344e+00
1.489216883188329676e+00
1.489216883188329676e+00
1.489216883188331231e+00
1.489216883188333229e+00
1.489216883188333229e+00
1.489216883188333229e+00
1.489216883188331231e+00
1.489216883188329676e+00
1.489216883188329676e+00
1.489216883188328344e+00
1.489216883188326568e+00
1.489216883188325236e+00
1.489216883188321683e+00
1.489216883188320129e+00
1.489216883188318352e+00
1.489216883188316798e+00
1.489216883188315022e+00
1.489216883188315022e+00
1.489216883188313245e+00
1.397823570033536855e+00
1.397823570033536855e+00
1.397823570033536855e+00
1.397823570033538410e+00
1.397823570033540408e+00
1.397823570033542184e+00
1.397823570033544405e+00
1.397823570033546403e+00
1.397823570033549956e+00
1.397823570033552176e+00
1.397823570033553953e+00
1.397823570033555951e+00
1.397823570033557949e+00
1.397823570033557949e+00
1.397823570033559948e+00
1.397823570033559948e+00
1.397823570033559948e+00
1.397823570033557949e+00
1.397823570033557949e+00
1.397823570033555951e+00
1.397823570033553953e+00
1.397823570033552176e+00
1.397823570033549956e+00
1.397823570033546403e+00
1.397823570033544405e+00
1.397823570033542184e+00
1.397823570033540408e+00
1.397823570033538410e+00
1.397823570033536855e+00
1.397823570033536855e+00
1.295806633735378188e+00
1.295806633735378188e+00
1.295806633735378188e+00
1.295806633735380187e+00
1.295806633735382185e+00
1.295806633735384406e+00
1.295806633735386626e+00
1.295806633735388180e+00
1.295806633735390179e+00
1.295806633735391955e+00
1.295806633735396174e+00
1.295806633735398172e+00
1.295806633735400171e+00
1.295806633735400171e+00
1.295806633735402169e+00
1.295806633735402169e+00
1.295806633735402169e+00
1.295806633735400171e+00
1.295806633735400171e+00
1.295806633735398172e+00
1.295806633735396174e+00
1.295806633735391955e+00
1.295806633735390179e+00
1.295806633735388180e+00
1.295806633735386626e+00
1.295806633735384406e+00
1.295806633735382185e+00
1.295806633735380187e+00
1.295806633735378188e+00
1.295806633735378188e+00
1.191012670291954345e+00
1.191012670291954345e+00
1.191012670291954345e+00
1.191012670291956344e+00
1.191012670291958342e+00
1.191012670291960340e+00
1.191012670291962117e+00
1.191012670291964337e+00
1.191012670291968334e+00
1.191012670291970554e+00
1.191012670291972109e+00
1.191012670291974329e+00
1.191012670291976550e+00
1.191012670291976550e+00
1.191012670291978104e+00
1.191012670291978104e+00
1.191012670291978104e+00
1.191012670291976550e+00
1.191012670291976550e+00
1.191012670291974329e+00
1.191012670291972109e+00
1.191012670291970554e+00
1.191012670291968334e+00
1.191012670291964337e+00
1.191012670291962117e+00
1.191012670291960340e+00
1.191012670291958342e+00
1.191012670291956344e+00
1.191012670291954345e+00
1.191012670291954345e+00
1.084785042515385767e+00
1.084785042515385767e+00
1.084785042515385767e+00
1.084785042515387765e+00
1.084785042515389319e+00
1.084785042515391540e+00
1.084785042515393538e+00
1.084785042515395537e+00
1.084785042515399534e+00
1.084785042515401532e+00
1.084785042515403308e+00
1.084785042515405307e+00
1.084785042515407527e+00
1.084785042515407527e+00
1.084785042515409526e+00
1.084785042515409526e+00
1.084785042515409526e+00
1.084785042515407527e+00
1.084785042515407527e+00
1.084785042515405307e+00
1.084785042515403308e+00
1.084785042515401532e+00
1.084785042515399534e+00
1.084785042515395537e+00
1.084785042515393538e+00
1.084785042515391540e+00
1.084785042515389319e+00
1.084785042515387765e+00
1.084785042515385767e+00
1.084785042515385767e+00
9.776388086756512275e-01
9.776388086756512275e-01
9.776388086756530038e-01
9.776388086756530038e-01
9.776388086756550022e-01
9.776388086756568896e-01
9.776388086756589990e-01
9.776388086756628848e-01
9.776388086756649942e-01
9.776388086756668816e-01
9.776388086756686580e-01
9.776388086756706564e-01
9.776388086756726548e-01
9.776388086756744311e-01
9.776388086756744311e-01
9.776388086756744311e-01
9.776388086756744311e-01
9.776388086756744311e-01
9.776388086756726548e-01
9.776388086756706564e-01
9.776388086756686580e-01
9.776388086756668816e-01
9.776388086756649942e-01
9.776388086756628848e-01
9.776388086756589990e-01
9.776388086756568896e-01
9.776388086756550022e-01
9.776388086756530038e-01
9.776388086756530038e-01
9.776388086756512275e-01
8.692638146752136308e-01
8.692638146752136308e-01
8.692638146752136308e-01
8.692638146752176276e-01
8.692638146752176276e-01
8.692638146752195150e-01
8.692638146752215134e-01
8.692638146752234007e-01
8.692638146752272865e-01
8.692638146752293959e-01
8.692638146752311723e-01
8.692638146752351691e-01
8.692638146752351691e-01
8.692638146752370565e-01
8.692638146752370565e-01
8.692638146752370565e-01
8.692638146752370565e-01
8.692638146752370565e-01
8.692638146752351691e-01
8.692638146752351691e-01
8.692638146752311723e-01
8.692638146752293959e-01
8.692638146752272865e-01
8.692638146752234007e-01
8.692638146752215134e-01
8.692638146752195150e-01
8.692638146752176276e-01
8.692638146752176276e-01
8.692638146752136308e-01
8.692638146752136308e-01
7.593867262890279246e-01
7.593867262890279246e-01
7.593867262890279246e-01
7.593867262890297010e-01
7.593867262890316994e-01
7.593867262890336978e-01
7.593867262890354741e-01
7.593867262890374725e-01
7.593867262890414693e-01
7.593867262890433567e-01
7.593867262890452441e-01
7.593867262890492409e-01
7.593867262890492409e-01
7.593867262890512393e-01
7.593867262890512393e-01
7.593867262890512393e-01
7.593867262890512393e-01
7.593867262890512393e-01
7.593867262890492409e-01
7.593867262890492409e-01
7.593867262890452441e-01
7.593867262890433567e-01
7.593867262890414693e-01
7.593867262890374725e-01
7.593867262890354741e-01
7.593867262890354741e-01
7.593867262890316994e-01
7.593867262890297010e-01
7.593867262890279246e-01
7.593867262890279246e-01
6.480000834597156034e-01
6.480000834597156034e-01
6.480000834597156034e-01
6.480000834597177128e-01
6.480000834597177128e-01
6.480000834597213766e-01
6.480000834597213766e-01
6.480000834597254844e-01
6.480000834597272608e-01
6.480000834597312576e-01
6.480000834597312576e-01
6.480000834597351433e-01
6.480000834597370307e-01
6.480000834597370307e-01
6.480000834597389181e-01
6.480000834597389181e-01
6.480000834597389181e-01
6.480000834597370307e-01
6.480000834597370307e-01
6.480000834597351433e-01
6.480000834597312576e-01
6.480000834597312576e-01
6.480000834597272608e-01
6.480000834597254844e-01
6.480000834597213766e-01
6.480000834597213766e-01
6.480000834597177128e-01
6.480000834597177128e-01
6.480000834597156034e-01
6.480000834597156034e-01
