1.654223518961760730e-01 1.068449599333983618e-01 1.688029733359223961e-01 1.062243127778758484e-01 0.000000000000000000e+00
1.676184603352133262e-01 1.089678354385814202e-01 1.705452653338573044e-01 1.068737564898591674e-01 3.103448275862068950e+00
1.698482419618811412e-01 1.112011524854664424e-01 1.725273808388392838e-01 1.077931292371867994e-01 6.206896551724137900e+00
1.721137852289595926e-01 1.135504866416662262e-01 1.747471540552338887e-01 1.089994371586876926e-01 9.310344827586206407e+00
1.744000756743799563e-01 1.160112736041073178e-01 1.771924035669031339e-01 1.105037810484885280e-01 1.241379310344827580e+01
1.766994104285680989e-01 1.185833679269563262e-01 1.798414295806847196e-01 1.123090988783708583e-01 1.551724137931034520e+01
1.789668772735388547e-01 1.212369059018719303e-01 1.826639232587938533e-01 1.144091032989336676e-01 1.862068965517241281e+01
1.812222355067583113e-01 1.239820907578963183e-01 1.856172709227297823e-01 1.167840562171153646e-01 2.172413793103448398e+01
1.834519253483678780e-01 1.268114165378534941e-01 1.886538283055534393e-01 1.194036860259131416e-01 2.482758620689655160e+01
1.856350235986316544e-01 1.297090225785196560e-01 1.917294437541314511e-01 1.222326579982325884e-01 2.793103448275861922e+01
1.877453466849050567e-01 1.326523212955084130e-01 1.948017183339730285e-01 1.252314483266565304e-01 3.103448275862069039e+01
1.897617022798853970e-01 1.356175455488394521e-01 1.978315514822389654e-01 1.283586692496775372e-01 3.413793103448276156e+01
1.916607125528763667e-01 1.385767069826516207e-01 2.007845125516692364e-01 1.315722876482018633e-01 3.724137931034482563e+01
1.934183237536071243e-01 1.414995115391089742e-01 2.036304975994048527e-01 1.348303255858403216e-01 4.034482758620689680e+01
1.950071670375077282e-01 1.443493101674176715e-01 2.063451188462381847e-01 1.380932707430924944e-01 4.344827586206896797e+01
1.964159709524762598e-01 1.470962457142274138e-01 2.089101397939108484e-01 1.413252070448516029e-01 4.655172413793103203e+01
1.976330441416615513e-01 1.497108347402684725e-01 2.113139409144635106e-01 1.444943016361150689e-01 4.965517241379310320e+01
1.986464144036161616e-01 1.521628325276725424e-01 2.135486652680064212e-01 1.475719484969050255e-01 5.275862068965517437e+01
1.994559164257101447e-01 1.544289854931010508e-01 2.156077594210364101e-01 1.505314982801300994e-01 5.586206896551723844e+01
2.000693227562913012e-01 1.564913859749610947e-01 2.174807028973352041e-01 1.533442193186821956e-01 5.896551724137930961e+01
2.005052582405671413e-01 1.583400545894861067e-01 2.191546640964066872e-01 1.559794917370825595e-01 6.206896551724138078e+01
2.007854331839697415e-01 1.599682428445655946e-01 2.206220581828943761e-01 1.584087975549751393e-01 6.517241379310344485e+01
2.009395624362257937e-01 1.613773580236383676e-01 2.218847851199045040e-01 1.606086202541551489e-01 6.827586206896552312e+01
2.009968432516956172e-01 1.625715981234152341e-01 2.229484685108045761e-01 1.625571462800545486e-01 7.137931034482758719e+01
2.009875654737057760e-01 1.635599767144992889e-01 2.238221759750267104e-01 1.642354155879690303e-01 7.448275862068965125e+01
2.009393273174570338e-01 1.643514894334947851e-01 2.245181354442379318e-01 1.656295395839003648e-01 7.758620689655172953e+01
2.008755528955874781e-01 1.649553932668400280e-01 2.250497776650685622e-01 1.667291617105013390e-01 8.068965517241379359e+01
2.008149208054444967e-01 1.653796076845915342e-01 2.254252231345476309e-01 1.675233266565125390e-01 8.379310344827585766e+01
2.007726318077177052e-01 1.656312617970223389e-01 2.256499760856156556e-01 1.680040022160094182e-01 8.689655172413793593e+01
2.007577486038083225e-01 1.657147484023374084e-01 2.257252615437309595e-01 1.681652706476751691e-01 9.000000000000000000e+01
