1.320332075910153335e+00
1.320332075910153335e+00
1.320332075910153335e+00
1.320332075910153335e+00
1.320332075910153335e+00
1.320332075910153335e+00
1.320332075910153335e+00
1.320332075910153335e+00
1.320332075910153335e+00
1.320332075910153335e+00
1.320332075910153335e+00
1.320332075910153335e+00
1.320332075910153335e+00
1.320332075910153335e+00
1.320332075910153335e+00
1.320332075910153335e+00
1.320332075910153335e+00
1.320332075910153335e+00
1.320332075910153335e+00
1.320332075910153335e+00
1.320332075910153335e+00
1.320332075910153335e+00
1.320332075910153335e+00
1.320332075910153335e+00
1.320332075910153335e+00
1.320332075910153335e+00
1.320332075910153335e+00
1.320332075910153335e+00
1.320332075910153335e+00
1.320332075910153335e+00
1.290554596639500229e+00
1.290554596639500229e+00
1.290554596639500229e+00
1.290554596639500229e+00
1.290554596639500229e+00
1.290554596639500229e+00
1.290554596639500229e+00
1.290554596639500229e+00
1.290554596639500229e+00
1.290554596639500229e+00
1.290554596639500229e+00
1.290554596639500229e+00
1.290554596639500229e+00
1.290554596639500229e+00
1.290554596639500229e+00
1.290554596639500229e+00
1.290554596639500229e+00
1.290554596639500229e+00
1.290554596639500229e+00
1.290554596639500229e+00
1.290554596639500229e+00
1.290554596639500229e+00
1.290554596639500229e+00
1.290554596639500229e+00
1.290554596639500229e+00
1.290554596639500229e+00
1.290554596639500229e+00
1.290554596639500229e+00
1.290554596639500229e+00
1.290554596639500229e+00
1.261278784561453925e+00
1.261278784561453925e+00
1.261278784561453925e+00
1.261278784561453925e+00
1.261278784561453925e+00
1.261278784561453925e+00
1.261278784561453925e+00
1.261278784561453925e+00
1.261278784561453925e+00
1.261278784561453925e+00
1.261278784561453925e+00
1.261278784561453925e+00
1.261278784561453925e+00
1.261278784561453925e+00
1.261278784561453925e+00
1.261278784561453925e+00
1.261278784561453925e+00
1.261278784561453925e+00
1.261278784561453925e+00
1.261278784561453925e+00
1.261278784561453925e+00
1.261278784561453925e+00
1.261278784561453925e+00
1.261278784561453925e+00
1.261278784561453925e+00
1.261278784561453925e+00
1.261278784561453925e+00
1.261278784561453925e+00
1.261278784561453925e+00
1.261278784561453925e+00
1.232540925171376589e+00
1.232540925171376589e+00
1.232540925171376589e+00
1.232540925171376589e+00
1.232540925171376589e+00
1.232540925171376589e+00
1.232540925171376589e+00
1.232540925171376589e+00
1.232540925171376589e+00
1.232540925171376589e+00
1.232540925171376589e+00
1.232540925171376589e+00
1.232540925171376589e+00
1.232540925171376589e+00
1.232540925171376589e+00
1.232540925171376589e+00
1.232540925171376589e+00
1.232540925171376589e+00
1.232540925171376589e+00
1.232540925171376589e+00
1.232540925171376589e+00
1.232540925171376589e+00
1.232540925171376589e+00
1.232540925171376589e+00
1.232540925171376589e+00
1.232540925171376589e+00
1.232540925171376589e+00
1.232540925171376589e+00
1.232540925171376589e+00
1.232540925171376589e+00
1.204372437580581545e+00
1.204372437580581545e+00
1.204372437580581545e+00
1.204372437580581545e+00
1.204372437580581545e+00
1.204372437580581545e+00
1.204372437580581545e+00
1.204372437580581545e+00
1.204372437580581545e+00
1.204372437580581545e+00
1.204372437580581545e+00
1.204372437580581545e+00
1.204372437580581545e+00
1.204372437580581323e+00
1.204372437580581323e+00
1.204372437580581323e+00
1.204372437580581323e+00
1.204372437580581323e+00
1.204372437580581323e+00
1.204372437580581545e+00
1.204372437580581545e+00
1.204372437580581545e+00
1.204372437580581545e+00
1.204372437580581545e+00
1.204372437580581545e+00
1.204372437580581545e+00
1.204372437580581545e+00
1.204372437580581545e+00
1.204372437580581545e+00
1.204372437580581545e+00
1.176799902359064953e+00
1.176799902359064953e+00
1.176799902359064953e+00
1.176799902359064953e+00
1.176799902359064953e+00
1.176799902359064953e+00
1.176799902359064953e+00
1.176799902359064953e+00
1.176799902359064953e+00
1.176799902359064953e+00
1.176799902359064953e+00
1.176799902359064953e+00
1.176799902359064731e+00
1.176799902359064731e+00
1.176799902359064731e+00
1.176799902359064731e+00
1.176799902359064731e+00
1.176799902359064731e+00
1.176799902359064731e+00
1.176799902359064731e+00
1.176799902359064953e+00
1.176799902359064953e+00
1.176799902359064953e+00
1.176799902359064953e+00
1.176799902359064953e+00
1.176799902359064953e+00
1.176799902359064953e+00
1.176799902359064953e+00
1.176799902359064953e+00
1.176799902359064953e+00
1.149845170111332138e+00
1.149845170111332138e+00
1.149845170111332138e+00
1.149845170111332138e+00
1.149845170111332138e+00
1.149845170111332138e+00
1.149845170111332138e+00
1.149845170111332138e+00
1.149845170111332138e+00
1.149845170111332138e+00
1.149845170111332138e+00
1.149845170111331916e+00
1.149845170111331916e+00
1.149845170111331916e+00
1.149845170111331916e+00
1.149845170111331916e+00
1.149845170111331916e+00
1.149845170111331916e+00
1.149845170111331916e+00
1.149845170111331916e+00
1.149845170111332138e+00
1.149845170111332138e+00
1.149845170111332138e+00
1.149845170111332138e+00
1.149845170111332138e+00
1.149845170111332138e+00
1.149845170111332138e+00
1.149845170111332138e+00
1.149845170111332138e+00
1.149845170111332138e+00
1.123525538678764812e+00
1.123525538678764812e+00
1.123525538678764812e+00
1.123525538678764812e+00
1.123525538678764812e+00
1.123525538678764812e+00
1.123525538678764812e+00
1.123525538678764812e+00
1.123525538678764590e+00
1.123525538678764590e+00
1.123525538678764590e+00
1.123525538678764590e+00
1.123525538678764590e+00
1.123525538678764590e+00
1.123525538678764590e+00
1.123525538678764590e+00
1.123525538678764590e+00
1.123525538678764590e+00
1.123525538678764590e+00
1.123525538678764590e+00
1.123525538678764590e+00
1.123525538678764590e+00
1.123525538678764590e+00
1.123525538678764590e+00
1.123525538678764812e+00
1.123525538678764812e+00
1.123525538678764812e+00
1.123525538678764812e+00
1.123525538678764812e+00
1.123525538678764812e+00
1.097853986164957218e+00
1.097853986164957218e+00
1.097853986164957218e+00
1.097853986164957218e+00
1.097853986164957218e+00
1.097853986164957218e+00
1.097853986164957218e+00
1.097853986164957218e+00
1.097853986164957218e+00
1.097853986164957218e+00
1.097853986164956996e+00
1.097853986164956996e+00
1.097853986164956996e+00
1.097853986164956996e+00
1.097853986164956996e+00
1.097853986164956996e+00
1.097853986164956996e+00
1.097853986164956996e+00
1.097853986164956996e+00
1.097853986164956996e+00
1.097853986164956996e+00
1.097853986164957218e+00
1.097853986164957218e+00
1.097853986164957218e+00
1.097853986164957218e+00
1.097853986164957218e+00
1.097853986164957218e+00
1.097853986164957218e+00
1.097853986164957218e+00
1.097853986164957218e+00
1.072839446967933430e+00
1.072839446967933430e+00
1.072839446967933430e+00
1.072839446967933430e+00
1.072839446967933430e+00
1.072839446967933430e+00
1.072839446967933208e+00
1.072839446967933208e+00
1.072839446967933208e+00
1.072839446967933208e+00
1.072839446967933208e+00
1.072839446967933208e+00
1.072839446967933208e+00
1.072839446967932986e+00
1.072839446967932986e+00
1.072839446967932986e+00
1.072839446967932986e+00
1.072839446967932986e+00
1.072839446967933208e+00
1.072839446967933208e+00
1.072839446967933208e+00
1.072839446967933208e+00
1.072839446967933208e+00
1.072839446967933208e+00
1.072839446967933208e+00
1.072839446967933208e+00
1.072839446967933430e+00
1.072839446967933430e+00
1.072839446967933430e+00
1.072839446967933430e+00
1.048487118551290731e+00
1.048487118551290731e+00
1.048487118551290731e+00
1.048487118551290731e+00
1.048487118551290731e+00
1.048487118551290731e+00
1.048487118551290509e+00
1.048487118551290509e+00
1.048487118551290509e+00
1.048487118551290509e+00
1.048487118551290287e+00
1.048487118551290287e+00
1.048487118551290287e+00
1.048487118551290287e+00
1.048487118551290287e+00
1.048487118551290287e+00
1.048487118551290287e+00
1.048487118551290287e+00
1.048487118551290287e+00
1.048487118551290287e+00
1.048487118551290287e+00
1.048487118551290509e+00
1.048487118551290509e+00
1.048487118551290509e+00
1.048487118551290509e+00
1.048487118551290731e+00
1.048487118551290731e+00
1.048487118551290731e+00
1.048487118551290731e+00
1.048487118551290731e+00
1.024798787658352861e+00
1.024798787658352861e+00
1.024798787658352861e+00
1.024798787658352861e+00
1.024798787658352639e+00
1.024798787658352639e+00
1.024798787658352639e+00
1.024798787658352639e+00
1.024798787658352639e+00
1.024798787658352639e+00
1.024798787658352639e+00
1.024798787658352639e+00
1.024798787658352417e+00
1.024798787658352417e+00
1.024798787658352417e+00
1.024798787658352417e+00
1.024798787658352417e+00
1.024798787658352417e+00
1.024798787658352417e+00
1.024798787658352417e+00
1.024798787658352639e+00
1.024798787658352639e+00
1.024798787658352639e+00
1.024798787658352639e+00
1.024798787658352639e+00
1.024798787658352639e+00
1.024798787658352639e+00
1.024798787658352639e+00
1.024798787658352861e+00
1.024798787658352861e+00
1.001773165933679044e+00
1.001773165933679044e+00
1.001773165933679044e+00
1.001773165933679044e+00
1.001773165933679044e+00
1.001773165933679044e+00
1.001773165933678822e+00
1.001773165933678822e+00
1.001773165933678822e+00
1.001773165933678822e+00
1.001773165933678822e+00
1.001773165933678600e+00
1.001773165933678600e+00
1.001773165933678600e+00
1.001773165933678600e+00
1.001773165933678600e+00
1.001773165933678600e+00
1.001773165933678600e+00
1.001773165933678600e+00
1.001773165933678600e+00
1.001773165933678822e+00
1.001773165933678822e+00
1.001773165933678822e+00
1.001773165933678822e+00
1.001773165933678822e+00
1.001773165933679044e+00
1.001773165933679044e+00
1.001773165933679044e+00
1.001773165933679044e+00
1.001773165933679044e+00
9.794062263406069224e-01
9.794062263406069224e-01
9.794062263406069224e-01
9.794062263406069224e-01
9.794062263406068114e-01
9.794062263406068114e-01
9.794062263406067004e-01
9.794062263406067004e-01
9.794062263406067004e-01
9.794062263406065894e-01
9.794062263406065894e-01
9.794062263406064783e-01
9.794062263406064783e-01
9.794062263406064783e-01
9.794062263406064783e-01
9.794062263406064783e-01
9.794062263406064783e-01
9.794062263406064783e-01
9.794062263406064783e-01
9.794062263406064783e-01
9.794062263406065894e-01
9.794062263406065894e-01
9.794062263406067004e-01
9.794062263406067004e-01
9.794062263406067004e-01
9.794062263406068114e-01
9.794062263406068114e-01
9.794062263406069224e-01
9.794062263406069224e-01
9.794062263406069224e-01
9.576915332458987296e-01
9.576915332458987296e-01
9.576915332458987296e-01
9.576915332458987296e-01
9.576915332458987296e-01
9.576915332458986185e-01
9.576915332458986185e-01
9.576915332458986185e-01
9.576915332458985075e-01
9.576915332458983965e-01
9.576915332458983965e-01
9.576915332458983965e-01
9.576915332458983965e-01
9.576915332458983965e-01
9.576915332458983965e-01
9.576915332458983965e-01
9.576915332458983965e-01
9.576915332458983965e-01
9.576915332458983965e-01
9.576915332458983965e-01
9.576915332458983965e-01
9.576915332458983965e-01
9.576915332458985075e-01
9.576915332458986185e-01
9.576915332458986185e-01
9.576915332458986185e-01
9.576915332458986185e-01
9.576915332458987296e-01
9.576915332458987296e-01
9.576915332458987296e-01
9.366205604984763067e-01
9.366205604984763067e-01
9.366205604984763067e-01
9.366205604984763067e-01
9.366205604984763067e-01
9.366205604984761957e-01
9.366205604984761957e-01
9.366205604984761957e-01
9.366205604984760846e-01
9.366205604984759736e-01
9.366205604984759736e-01
9.366205604984758626e-01
9.366205604984758626e-01
9.366205604984758626e-01
9.366205604984758626e-01
9.366205604984758626e-01
9.366205604984758626e-01
9.366205604984758626e-01
9.366205604984758626e-01
9.366205604984758626e-01
9.366205604984758626e-01
9.366205604984759736e-01
9.366205604984760846e-01
9.366205604984761957e-01
9.366205604984761957e-01
9.366205604984761957e-01
9.366205604984763067e-01
9.366205604984763067e-01
9.366205604984763067e-01
9.366205604984763067e-01
9.161829931960719930e-01
9.161829931960719930e-01
9.161829931960719930e-01
9.161829931960719930e-01
9.161829931960719930e-01
9.161829931960718820e-01
9.161829931960718820e-01
9.161829931960717710e-01
9.161829931960717710e-01
9.161829931960716600e-01
9.161829931960716600e-01
9.161829931960715490e-01
9.161829931960715490e-01
9.161829931960715490e-01
9.161829931960715490e-01
9.161829931960715490e-01
9.161829931960715490e-01
9.161829931960715490e-01
9.161829931960715490e-01
9.161829931960715490e-01
9.161829931960715490e-01
9.161829931960716600e-01
9.161829931960717710e-01
9.161829931960717710e-01
9.161829931960717710e-01
9.161829931960718820e-01
9.161829931960719930e-01
9.161829931960719930e-01
9.161829931960719930e-01
9.161829931960719930e-01
8.963670100693823528e-01
8.963670100693823528e-01
8.963670100693823528e-01
8.963670100693823528e-01
8.963670100693823528e-01
8.963670100693822418e-01
8.963670100693822418e-01
8.963670100693821308e-01
8.963670100693820197e-01
8.963670100693819087e-01
8.963670100693819087e-01
8.963670100693819087e-01
8.963670100693819087e-01
8.963670100693819087e-01
8.963670100693819087e-01
8.963670100693819087e-01
8.963670100693819087e-01
8.963670100693819087e-01
8.963670100693819087e-01
8.963670100693819087e-01
8.963670100693819087e-01
8.963670100693819087e-01
8.963670100693820197e-01
8.963670100693821308e-01
8.963670100693821308e-01
8.963670100693822418e-01
8.963670100693823528e-01
8.963670100693823528e-01
8.963670100693823528e-01
8.963670100693823528e-01
8.771595444937305697e-01
8.771595444937305697e-01
8.771595444937304586e-01
8.771595444937304586e-01
8.771595444937304586e-01
8.771595444937304586e-01
8.771595444937303476e-01
8.771595444937302366e-01
8.771595444937302366e-01
8.771595444937301256e-01
8.771595444937301256e-01
8.771595444937301256e-01
8.771595444937301256e-01
8.771595444937300146e-01
8.771595444937300146e-01
8.771595444937300146e-01
8.771595444937300146e-01
8.771595444937300146e-01
8.771595444937301256e-01
8.771595444937301256e-01
8.771595444937301256e-01
8.771595444937301256e-01
8.771595444937302366e-01
8.771595444937302366e-01
8.771595444937303476e-01
8.771595444937303476e-01
8.771595444937304586e-01
8.771595444937304586e-01
8.771595444937304586e-01
8.771595444937304586e-01
8.585465230536403203e-01
8.585465230536403203e-01
8.585465230536403203e-01
8.585465230536402093e-01
8.585465230536402093e-01
8.585465230536402093e-01
8.585465230536400982e-01
8.585465230536400982e-01
8.585465230536399872e-01
8.585465230536399872e-01
8.585465230536398762e-01
8.585465230536398762e-01
8.585465230536398762e-01
8.585465230536397652e-01
8.585465230536397652e-01
8.585465230536397652e-01
8.585465230536397652e-01
8.585465230536397652e-01
8.585465230536398762e-01
8.585465230536398762e-01
8.585465230536398762e-01
8.585465230536399872e-01
8.585465230536399872e-01
8.585465230536400982e-01
8.585465230536400982e-01
8.585465230536400982e-01
8.585465230536402093e-01
8.585465230536402093e-01
8.585465230536402093e-01
8.585465230536403203e-01
8.405130813374502852e-01
8.405130813374502852e-01
8.405130813374502852e-01
8.405130813374502852e-01
8.405130813374502852e-01
8.405130813374502852e-01
8.405130813374501741e-01
8.405130813374500631e-01
8.405130813374499521e-01
8.405130813374498411e-01
8.405130813374498411e-01
8.405130813374498411e-01
8.405130813374498411e-01
8.405130813374497301e-01
8.405130813374497301e-01
8.405130813374497301e-01
8.405130813374497301e-01
8.405130813374497301e-01
8.405130813374497301e-01
8.405130813374498411e-01
8.405130813374498411e-01
8.405130813374498411e-01
8.405130813374499521e-01
8.405130813374500631e-01
8.405130813374501741e-01
8.405130813374502852e-01
8.405130813374502852e-01
8.405130813374502852e-01
8.405130813374502852e-01
8.405130813374502852e-01
8.230437572364018850e-01
8.230437572364018850e-01
8.230437572364018850e-01
8.230437572364017740e-01
8.230437572364017740e-01
8.230437572364017740e-01
8.230437572364016630e-01
8.230437572364015519e-01
8.230437572364015519e-01
8.230437572364015519e-01
8.230437572364014409e-01
8.230437572364014409e-01
8.230437572364013299e-01
8.230437572364013299e-01
8.230437572364013299e-01
8.230437572364012189e-01
8.230437572364012189e-01
8.230437572364013299e-01
8.230437572364013299e-01
8.230437572364014409e-01
8.230437572364014409e-01
8.230437572364015519e-01
8.230437572364015519e-01
8.230437572364015519e-01
8.230437572364016630e-01
8.230437572364017740e-01
8.230437572364017740e-01
8.230437572364017740e-01
8.230437572364018850e-01
8.230437572364018850e-01
8.061226624798252249e-01
8.061226624798251139e-01
8.061226624798251139e-01
8.061226624798251139e-01
8.061226624798250029e-01
8.061226624798250029e-01
8.061226624798250029e-01
8.061226624798250029e-01
8.061226624798247808e-01
8.061226624798247808e-01
8.061226624798247808e-01
8.061226624798247808e-01
8.061226624798246698e-01
8.061226624798246698e-01
8.061226624798245588e-01
8.061226624798245588e-01
8.061226624798245588e-01
8.061226624798246698e-01
8.061226624798246698e-01
8.061226624798247808e-01
8.061226624798247808e-01
8.061226624798247808e-01
8.061226624798247808e-01
8.061226624798250029e-01
8.061226624798250029e-01
8.061226624798250029e-01
8.061226624798250029e-01
8.061226624798250029e-01
8.061226624798251139e-01
8.061226624798251139e-01
7.897336334722236950e-01
7.897336334722236950e-01
7.897336334722235840e-01
7.897336334722235840e-01
7.897336334722234730e-01
7.897336334722234730e-01
7.897336334722234730e-01
7.897336334722233619e-01
7.897336334722232509e-01
7.897336334722231399e-01
7.897336334722231399e-01
7.897336334722231399e-01
7.897336334722230289e-01
7.897336334722229179e-01
7.897336334722229179e-01
7.897336334722229179e-01
7.897336334722229179e-01
7.897336334722229179e-01
7.897336334722230289e-01
7.897336334722231399e-01
7.897336334722231399e-01
7.897336334722231399e-01
7.897336334722232509e-01
7.897336334722233619e-01
7.897336334722234730e-01
7.897336334722234730e-01
7.897336334722234730e-01
7.897336334722235840e-01
7.897336334722235840e-01
7.897336334722236950e-01
7.738603627273284991e-01
7.738603627273284991e-01
7.738603627273284991e-01
7.738603627273284991e-01
7.738603627273283880e-01
7.738603627273283880e-01
7.738603627273282770e-01
7.738603627273281660e-01
7.738603627273281660e-01
7.738603627273280550e-01
7.738603627273279439e-01
7.738603627273279439e-01
7.738603627273279439e-01
7.738603627273277219e-01
7.738603627273277219e-01
7.738603627273277219e-01
7.738603627273277219e-01
7.738603627273277219e-01
7.738603627273279439e-01
7.738603627273279439e-01
7.738603627273279439e-01
7.738603627273279439e-01
7.738603627273281660e-01
7.738603627273281660e-01
7.738603627273282770e-01
7.738603627273283880e-01
7.738603627273283880e-01
7.738603627273284991e-01
7.738603627273284991e-01
7.738603627273284991e-01
7.584865123364410433e-01
7.584865123364410433e-01
7.584865123364410433e-01
7.584865123364409323e-01
7.584865123364408213e-01
7.584865123364408213e-01
7.584865123364407102e-01
7.584865123364405992e-01
7.584865123364405992e-01
7.584865123364404882e-01
7.584865123364403772e-01
7.584865123364403772e-01
7.584865123364403772e-01
7.584865123364402661e-01
7.584865123364402661e-01
7.584865123364401551e-01
7.584865123364402661e-01
7.584865123364402661e-01
7.584865123364402661e-01
7.584865123364403772e-01
7.584865123364403772e-01
7.584865123364403772e-01
7.584865123364405992e-01
7.584865123364405992e-01
7.584865123364407102e-01
7.584865123364408213e-01
7.584865123364408213e-01
7.584865123364409323e-01
7.584865123364410433e-01
7.584865123364410433e-01
7.435958109803270100e-01
7.435958109803270100e-01
7.435958109803270100e-01
7.435958109803268989e-01
7.435958109803268989e-01
7.435958109803268989e-01
7.435958109803267879e-01
7.435958109803266769e-01
7.435958109803266769e-01
7.435958109803265659e-01
7.435958109803264549e-01
7.435958109803263438e-01
7.435958109803263438e-01
7.435958109803263438e-01
7.435958109803262328e-01
7.435958109803262328e-01
7.435958109803262328e-01
7.435958109803263438e-01
7.435958109803263438e-01
7.435958109803263438e-01
7.435958109803264549e-01
7.435958109803264549e-01
7.435958109803266769e-01
7.435958109803266769e-01
7.435958109803267879e-01
7.435958109803268989e-01
7.435958109803268989e-01
7.435958109803268989e-01
7.435958109803270100e-01
7.435958109803270100e-01
7.291721360107162875e-01
7.291721360107162875e-01
7.291721360107161765e-01
7.291721360107161765e-01
7.291721360107160654e-01
7.291721360107160654e-01
7.291721360107159544e-01
7.291721360107158434e-01
7.291721360107157324e-01
7.291721360107157324e-01
7.291721360107156213e-01
7.291721360107155103e-01
7.291721360107155103e-01
7.291721360107155103e-01
7.291721360107153993e-01
7.291721360107153993e-01
7.291721360107153993e-01
7.291721360107153993e-01
7.291721360107155103e-01
7.291721360107155103e-01
7.291721360107156213e-01
7.291721360107156213e-01
7.291721360107157324e-01
7.291721360107158434e-01
7.291721360107159544e-01
7.291721360107160654e-01
7.291721360107160654e-01
7.291721360107160654e-01
7.291721360107161765e-01
7.291721360107162875e-01
7.151995821022615329e-01
7.151995821022615329e-01
7.151995821022614219e-01
7.151995821022614219e-01
7.151995821022613109e-01
7.151995821022611999e-01
7.151995821022611999e-01
7.151995821022610889e-01
7.151995821022609778e-01
7.151995821022608668e-01
7.151995821022608668e-01
7.151995821022607558e-01
7.151995821022606448e-01
7.151995821022606448e-01
7.151995821022606448e-01
7.151995821022606448e-01
7.151995821022606448e-01
7.151995821022606448e-01
7.151995821022606448e-01
7.151995821022607558e-01
7.151995821022608668e-01
7.151995821022608668e-01
7.151995821022608668e-01
7.151995821022610889e-01
7.151995821022611999e-01
7.151995821022611999e-01
7.151995821022613109e-01
7.151995821022614219e-01
7.151995821022614219e-01
7.151995821022615329e-01
7.016625179199154072e-01
7.016625179199154072e-01
7.016625179199154072e-01
7.016625179199154072e-01
7.016625179199152962e-01
7.016625179199151852e-01
7.016625179199151852e-01
7.016625179199150741e-01
7.016625179199149631e-01
7.016625179199148521e-01
7.016625179199148521e-01
7.016625179199147411e-01
7.016625179199146300e-01
7.016625179199145190e-01
7.016625179199145190e-01
7.016625179199145190e-01
7.016625179199145190e-01
7.016625179199145190e-01
7.016625179199146300e-01
7.016625179199147411e-01
7.016625179199148521e-01
7.016625179199148521e-01
7.016625179199148521e-01
7.016625179199150741e-01
7.016625179199151852e-01
7.016625179199151852e-01
7.016625179199152962e-01
7.016625179199154072e-01
7.016625179199154072e-01
7.016625179199154072e-01
