1.237327659008818728e+03
1.259368790900967269e+03
1.282323926241602749e+03
1.300271841916676294e+03
1.301344971873192208e+03
1.278795872152077891e+03
1.234286412127289395e+03
1.174320149811526335e+03
1.105961397964033949e+03
1.033610205357254927e+03
9.587249605206759497e+02
8.815076268331309848e+02
8.018706510748015717e+02
7.196451725853743255e+02
6.347050183238633281e+02
5.470780947469434068e+02
4.569669659252064662e+02
3.650094243179022442e+02
2.723544322898023893e+02
1.792712069188730482e+02
