9.257613595954955699e+00
9.257613595954955699e+00
9.257613595954955699e+00
9.257613595954955699e+00
9.257613595954955699e+00
9.257613595954955699e+00
9.257613595954955699e+00
9.257613595954955699e+00
9.257613595954946817e+00
9.257613595954946817e+00
9.257613595954946817e+00
9.257613595954946817e+00
9.257613595954946817e+00
9.257613595954946817e+00
9.257613595954946817e+00
9.257613595954946817e+00
9.257613595954946817e+00
9.257613595954946817e+00
9.257613595954946817e+00
9.257613595954946817e+00
9.257613595954946817e+00
9.257613595954946817e+00
9.257613595954946817e+00
9.257613595954955699e+00
9.257613595954955699e+00
9.257613595954955699e+00
9.257613595954955699e+00
9.257613595954955699e+00
9.257613595954955699e+00
9.257613595954955699e+00
1.080308060553713290e+01
1.080308060553713290e+01
1.080308060553713467e+01
1.080308060553713823e+01
1.080308060553713823e+01
1.080308060553713823e+01
1.080308060553712579e+01
1.080308060553712401e+01
1.080308060553711869e+01
1.080308060553711869e+01
1.080308060553711691e+01
1.080308060553711691e+01
1.080308060553711691e+01
1.080308060553711869e+01
1.080308060553711869e+01
1.080308060553711869e+01
1.080308060553711869e+01
1.080308060553711869e+01
1.080308060553711691e+01
1.080308060553711691e+01
1.080308060553711691e+01
1.080308060553711869e+01
1.080308060553711869e+01
1.080308060553712401e+01
1.080308060553712579e+01
1.080308060553713823e+01
1.080308060553713823e+01
1.080308060553713823e+01
1.080308060553713467e+01
1.080308060553713290e+01
1.224670717037997392e+01
1.224670717037996326e+01
1.224670717037996326e+01
1.224670717037996326e+01
1.224670717037996504e+01
1.224670717037996504e+01
1.224670717037996326e+01
1.224670717037995260e+01
1.224670717037995082e+01
1.224670717037995438e+01
1.224670717037994372e+01
1.224670717037994727e+01
1.224670717037993484e+01
1.224670717037993484e+01
1.224670717037993484e+01
1.224670717037993661e+01
1.224670717037993484e+01
1.224670717037993484e+01
1.224670717037993484e+01
1.224670717037994727e+01
1.224670717037994372e+01
1.224670717037995438e+01
1.224670717037995082e+01
1.224670717037995260e+01
1.224670717037996326e+01
1.224670717037996504e+01
1.224670717037996504e+01
1.224670717037996326e+01
1.224670717037996326e+01
1.224670717037996326e+01
1.411754149621343757e+01
1.411754149621343757e+01
1.411754149621343757e+01
1.411754149621342336e+01
1.411754149621342158e+01
1.411754149621342691e+01
1.411754149621342336e+01
1.411754149621342158e+01
1.411754149621340382e+01
1.411754149621339671e+01
1.411754149621339671e+01
1.411754149621338250e+01
1.411754149621338073e+01
1.411754149621338073e+01
1.411754149621338073e+01
1.411754149621337362e+01
1.411754149621338073e+01
1.411754149621338073e+01
1.411754149621338073e+01
1.411754149621338250e+01
1.411754149621339671e+01
1.411754149621339671e+01
1.411754149621340382e+01
1.411754149621342158e+01
1.411754149621342336e+01
1.411754149621342691e+01
1.411754149621342158e+01
1.411754149621342336e+01
1.411754149621343757e+01
1.411754149621343757e+01
1.634145984253980188e+01
1.634145984253980188e+01
1.634145984253979833e+01
1.634145984253979833e+01
1.634145984253979478e+01
1.634145984253978057e+01
1.634145984253978412e+01
1.634145984253976991e+01
1.634145984253977346e+01
1.634145984253975925e+01
1.634145984253976280e+01
1.634145984253974859e+01
1.634145984253975570e+01
1.634145984253975570e+01
1.634145984253973793e+01
1.634145984253973793e+01
1.634145984253973793e+01
1.634145984253975570e+01
1.634145984253975570e+01
1.634145984253974859e+01
1.634145984253976280e+01
1.634145984253975925e+01
1.634145984253977346e+01
1.634145984253976991e+01
1.634145984253978412e+01
1.634145984253978057e+01
1.634145984253979478e+01
1.634145984253979833e+01
1.634145984253979833e+01
1.634145984253980188e+01
1.888821603066346810e+01
1.888821603066347166e+01
1.888821603066346100e+01
1.888821603066346100e+01
1.888821603066345745e+01
1.888821603066345034e+01
1.888821603066345034e+01
1.888821603066342902e+01
1.888821603066341481e+01
1.888821603066342192e+01
1.888821603066342192e+01
1.888821603066339705e+01
1.888821603066339705e+01
1.888821603066339705e+01
1.888821603066339705e+01
1.888821603066339705e+01
1.888821603066339705e+01
1.888821603066339705e+01
1.888821603066339705e+01
1.888821603066339705e+01
1.888821603066342192e+01
1.888821603066342192e+01
1.888821603066341481e+01
1.888821603066342902e+01
1.888821603066345034e+01
1.888821603066345034e+01
1.888821603066345745e+01
1.888821603066346100e+01
1.888821603066346100e+01
1.888821603066347166e+01
2.173092824219443742e+01
2.173092824219443742e+01
2.173092824219443386e+01
2.173092824219441965e+01
2.173092824219440189e+01
2.173092824219440899e+01
2.173092824219439478e+01
2.173092824219438057e+01
2.173092824219437347e+01
2.173092824219436281e+01
2.173092824219435215e+01
2.173092824219435215e+01
2.173092824219434149e+01
2.173092824219434149e+01
2.173092824219433794e+01
2.173092824219433794e+01
2.173092824219433794e+01
2.173092824219434149e+01
2.173092824219434149e+01
2.173092824219435215e+01
2.173092824219435215e+01
2.173092824219436281e+01
2.173092824219437347e+01
2.173092824219438057e+01
2.173092824219439478e+01
2.173092824219440899e+01
2.173092824219440189e+01
2.173092824219441965e+01
2.173092824219443386e+01
2.173092824219443742e+01
2.484676203051553145e+01
2.484676203051553145e+01
2.484676203051553145e+01
2.484676203051553145e+01
2.484676203051552434e+01
2.484676203051550658e+01
2.484676203051552079e+01
2.484676203051548526e+01
2.484676203051547461e+01
2.484676203051545684e+01
2.484676203051545684e+01
2.484676203051543553e+01
2.484676203051543197e+01
2.484676203051543908e+01
2.484676203051543553e+01
2.484676203051541421e+01
2.484676203051543553e+01
2.484676203051543908e+01
2.484676203051543197e+01
2.484676203051543553e+01
2.484676203051545684e+01
2.484676203051545684e+01
2.484676203051547461e+01
2.484676203051548526e+01
2.484676203051552079e+01
2.484676203051550658e+01
2.484676203051552434e+01
2.484676203051553145e+01
2.484676203051553145e+01
2.484676203051553145e+01
2.823449482078474304e+01
2.823449482078475015e+01
2.823449482078475015e+01
2.823449482078472172e+01
2.823449482078472172e+01
2.823449482078471107e+01
2.823449482078468975e+01
2.823449482078466133e+01
2.823449482078465422e+01
2.823449482078466133e+01
2.823449482078465422e+01
2.823449482078462580e+01
2.823449482078460804e+01
2.823449482078460449e+01
2.823449482078460449e+01
2.823449482078460449e+01
2.823449482078460449e+01
2.823449482078460449e+01
2.823449482078460804e+01
2.823449482078462580e+01
2.823449482078465422e+01
2.823449482078466133e+01
2.823449482078465422e+01
2.823449482078466133e+01
2.823449482078468975e+01
2.823449482078471107e+01
2.823449482078472172e+01
2.823449482078472172e+01
2.823449482078475015e+01
2.823449482078475015e+01
3.189640424750983527e+01
3.189640424750983527e+01
3.189640424750980330e+01
3.189640424750979619e+01
3.189640424750979264e+01
3.189640424750977843e+01
3.189640424750976067e+01
3.189640424750976777e+01
3.189640424750972869e+01
3.189640424750968961e+01
3.189640424750968606e+01
3.189640424750967185e+01
3.189640424750964698e+01
3.189640424750964698e+01
3.189640424750964698e+01
3.189640424750964698e+01
3.189640424750964698e+01
3.189640424750964698e+01
3.189640424750964698e+01
3.189640424750967185e+01
3.189640424750968606e+01
3.189640424750968961e+01
3.189640424750972869e+01
3.189640424750976777e+01
3.189640424750976067e+01
3.189640424750977843e+01
3.189640424750979264e+01
3.189640424750979619e+01
3.189640424750980330e+01
3.189640424750983527e+01
3.583635260005399914e+01
3.583635260005399914e+01
3.583635260005399914e+01
3.583635260005399203e+01
3.583635260005394940e+01
3.583635260005397072e+01
3.583635260005392098e+01
3.583635260005389966e+01
3.583635260005386414e+01
3.583635260005386414e+01
3.583635260005381440e+01
3.583635260005380729e+01
3.583635260005380019e+01
3.583635260005379308e+01
3.583635260005377887e+01
3.583635260005377887e+01
3.583635260005377887e+01
3.583635260005379308e+01
3.583635260005380019e+01
3.583635260005380729e+01
3.583635260005381440e+01
3.583635260005386414e+01
3.583635260005386414e+01
3.583635260005389966e+01
3.583635260005392098e+01
3.583635260005397072e+01
3.583635260005394940e+01
3.583635260005399203e+01
3.583635260005399914e+01
3.583635260005399914e+01
4.008089729100080234e+01
4.008089729100080234e+01
4.008089729100078102e+01
4.008089729100078102e+01
4.008089729100076681e+01
4.008089729100074550e+01
4.008089729100068865e+01
4.008089729100069576e+01
4.008089729100066023e+01
4.008089729100064602e+01
4.008089729100059628e+01
4.008089729100059628e+01
4.008089729100056076e+01
4.008089729100056076e+01
4.008089729100052523e+01
4.008089729100052523e+01
4.008089729100052523e+01
4.008089729100056076e+01
4.008089729100056076e+01
4.008089729100059628e+01
4.008089729100059628e+01
4.008089729100064602e+01
4.008089729100066023e+01
4.008089729100069576e+01
4.008089729100068865e+01
4.008089729100074550e+01
4.008089729100076681e+01
4.008089729100078102e+01
4.008089729100078102e+01
4.008089729100080234e+01
4.466545252970858826e+01
4.466545252970858826e+01
4.466545252970858826e+01
4.466545252970856694e+01
4.466545252970856694e+01
4.466545252970852431e+01
4.466545252970848168e+01
4.466545252970842483e+01
4.466545252970842483e+01
4.466545252970836799e+01
4.466545252970836799e+01
4.466545252970833246e+01
4.466545252970830404e+01
4.466545252970824720e+01
4.466545252970826851e+01
4.466545252970826851e+01
4.466545252970826851e+01
4.466545252970824720e+01
4.466545252970830404e+01
4.466545252970833246e+01
4.466545252970836799e+01
4.466545252970836799e+01
4.466545252970842483e+01
4.466545252970842483e+01
4.466545252970848168e+01
4.466545252970852431e+01
4.466545252970856694e+01
4.466545252970856694e+01
4.466545252970858826e+01
4.466545252970858826e+01
4.962402090487802298e+01
4.962402090487803008e+01
4.962402090487798034e+01
4.962402090487799455e+01
4.962402090487795192e+01
4.962402090487793060e+01
4.962402090487793060e+01
4.962402090487783113e+01
4.962402090487780271e+01
4.962402090487775297e+01
4.962402090487770323e+01
4.962402090487770323e+01
4.962402090487764639e+01
4.962402090487763218e+01
4.962402090487763218e+01
4.962402090487763218e+01
4.962402090487763218e+01
4.962402090487763218e+01
4.962402090487764639e+01
4.962402090487770323e+01
4.962402090487770323e+01
4.962402090487775297e+01
4.962402090487780271e+01
4.962402090487783113e+01
4.962402090487793060e+01
4.962402090487793060e+01
4.962402090487795192e+01
4.962402090487799455e+01
4.962402090487798034e+01
4.962402090487803008e+01
5.501843048280923654e+01
5.501843048280923654e+01
5.501843048280919390e+01
5.501843048280917259e+01
5.501843048280915127e+01
5.501843048280910153e+01
5.501843048280910153e+01
5.501843048280905180e+01
5.501843048280897364e+01
5.501843048280892390e+01
5.501843048280888127e+01
5.501843048280883153e+01
5.501843048280878889e+01
5.501843048280878179e+01
5.501843048280874626e+01
5.501843048280874626e+01
5.501843048280874626e+01
5.501843048280878179e+01
5.501843048280878889e+01
5.501843048280883153e+01
5.501843048280888127e+01
5.501843048280892390e+01
5.501843048280897364e+01
5.501843048280905180e+01
5.501843048280910153e+01
5.501843048280910153e+01
5.501843048280915127e+01
5.501843048280917259e+01
5.501843048280919390e+01
5.501843048280923654e+01
6.088138329392665327e+01
6.088138329392665327e+01
6.088138329392660353e+01
6.088138329392663195e+01
6.088138329392656800e+01
6.088138329392651826e+01
6.088138329392646853e+01
6.088138329392641879e+01
6.088138329392637615e+01
6.088138329392631931e+01
6.088138329392630510e+01
6.088138329392620562e+01
6.088138329392619141e+01
6.088138329392614168e+01
6.088138329392615589e+01
6.088138329392614168e+01
6.088138329392615589e+01
6.088138329392614168e+01
6.088138329392619141e+01
6.088138329392620562e+01
6.088138329392630510e+01
6.088138329392631931e+01
6.088138329392637615e+01
6.088138329392641879e+01
6.088138329392646853e+01
6.088138329392651826e+01
6.088138329392656800e+01
6.088138329392663195e+01
6.088138329392660353e+01
6.088138329392665327e+01
6.703854291649675190e+01
6.703854291649672348e+01
6.703854291649672348e+01
6.703854291649672348e+01
6.703854291649666663e+01
6.703854291649662400e+01
6.703854291649656716e+01
6.703854291649653874e+01
6.703854291649643926e+01
6.703854291649638242e+01
6.703854291649633979e+01
6.703854291649631136e+01
6.703854291649624031e+01
6.703854291649624031e+01
6.703854291649624031e+01
6.703854291649626873e+01
6.703854291649624031e+01
6.703854291649624031e+01
6.703854291649624031e+01
6.703854291649631136e+01
6.703854291649633979e+01
6.703854291649638242e+01
6.703854291649643926e+01
6.703854291649653874e+01
6.703854291649656716e+01
6.703854291649662400e+01
6.703854291649666663e+01
6.703854291649672348e+01
6.703854291649672348e+01
6.703854291649672348e+01
7.319482766033912924e+01
7.319482766033912924e+01
7.319482766033908661e+01
7.319482766033905818e+01
7.319482766033905818e+01
7.319482766033895871e+01
7.319482766033897292e+01
7.319482766033894450e+01
7.319482766033884502e+01
7.319482766033880239e+01
7.319482766033878818e+01
7.319482766033873133e+01
7.319482766033868870e+01
7.319482766033867449e+01
7.319482766033864607e+01
7.319482766033864607e+01
7.319482766033864607e+01
7.319482766033867449e+01
7.319482766033868870e+01
7.319482766033873133e+01
7.319482766033878818e+01
7.319482766033880239e+01
7.319482766033884502e+01
7.319482766033894450e+01
7.319482766033897292e+01
7.319482766033895871e+01
7.319482766033905818e+01
7.319482766033905818e+01
7.319482766033908661e+01
7.319482766033912924e+01
7.889761200720104739e+01
7.889761200720101897e+01
7.889761200720099055e+01
7.889761200720100476e+01
7.889761200720096213e+01
7.889761200720096213e+01
7.889761200720090528e+01
7.889761200720090528e+01
7.889761200720087686e+01
7.889761200720086265e+01
7.889761200720087686e+01
7.889761200720082002e+01
7.889761200720079160e+01
7.889761200720077738e+01
7.889761200720076317e+01
7.889761200720076317e+01
7.889761200720076317e+01
7.889761200720077738e+01
7.889761200720079160e+01
7.889761200720082002e+01
7.889761200720087686e+01
7.889761200720086265e+01
7.889761200720087686e+01
7.889761200720090528e+01
7.889761200720090528e+01
7.889761200720096213e+01
7.889761200720096213e+01
7.889761200720100476e+01
7.889761200720099055e+01
7.889761200720101897e+01
8.351692769188547061e+01
8.351692769188547061e+01
8.351692769188547061e+01
8.351692769188549903e+01
8.351692769188547061e+01
8.351692769188552745e+01
8.351692769188551324e+01
8.351692769188552745e+01
8.351692769188552745e+01
8.351692769188551324e+01
8.351692769188549903e+01
8.351692769188549903e+01
8.351692769188554166e+01
8.351692769188554166e+01
8.351692769188554166e+01
8.351692769188554166e+01
8.351692769188554166e+01
8.351692769188554166e+01
8.351692769188554166e+01
8.351692769188549903e+01
8.351692769188549903e+01
8.351692769188551324e+01
8.351692769188552745e+01
8.351692769188552745e+01
8.351692769188551324e+01
8.351692769188552745e+01
8.351692769188547061e+01
8.351692769188549903e+01
8.351692769188547061e+01
8.351692769188547061e+01
8.637837388743723466e+01
8.637837388743723466e+01
8.637837388743722045e+01
8.637837388743727729e+01
8.637837388743729150e+01
8.637837388743736255e+01
8.637837388743736255e+01
8.637837388743743361e+01
8.637837388743749045e+01
8.637837388743753309e+01
8.637837388743761835e+01
8.637837388743761835e+01
8.637837388743766098e+01
8.637837388743767519e+01
8.637837388743768940e+01
8.637837388743768940e+01
8.637837388743768940e+01
8.637837388743767519e+01
8.637837388743766098e+01
8.637837388743761835e+01
8.637837388743761835e+01
8.637837388743753309e+01
8.637837388743749045e+01
8.637837388743743361e+01
8.637837388743736255e+01
8.637837388743736255e+01
8.637837388743729150e+01
8.637837388743727729e+01
8.637837388743722045e+01
8.637837388743723466e+01
8.699213015508762226e+01
8.699213015508762226e+01
8.699213015508773594e+01
8.699213015508772173e+01
8.699213015508780700e+01
8.699213015508787805e+01
8.699213015508797753e+01
8.699213015508802016e+01
8.699213015508823332e+01
8.699213015508830438e+01
8.699213015508838964e+01
8.699213015508846070e+01
8.699213015508846070e+01
8.699213015508850333e+01
8.699213015508861702e+01
8.699213015508861702e+01
8.699213015508861702e+01
8.699213015508850333e+01
8.699213015508846070e+01
8.699213015508846070e+01
8.699213015508838964e+01
8.699213015508830438e+01
8.699213015508823332e+01
8.699213015508802016e+01
8.699213015508797753e+01
8.699213015508787805e+01
8.699213015508780700e+01
8.699213015508772173e+01
8.699213015508773594e+01
8.699213015508762226e+01
8.553367721495970954e+01
8.553367721495970954e+01
8.553367721495970954e+01
8.553367721495978060e+01
8.553367721495992271e+01
8.553367721495997955e+01
8.553367721496012166e+01
8.553367721496017850e+01
8.553367721496040588e+01
8.553367721496054799e+01
8.553367721496063325e+01
8.553367721496074694e+01
8.553367721496084641e+01
8.553367721496083220e+01
8.553367721496096010e+01
8.553367721496096010e+01
8.553367721496096010e+01
8.553367721496083220e+01
8.553367721496084641e+01
8.553367721496074694e+01
8.553367721496063325e+01
8.553367721496054799e+01
8.553367721496040588e+01
8.553367721496017850e+01
8.553367721496012166e+01
8.553367721495997955e+01
8.553367721495992271e+01
8.553367721495978060e+01
8.553367721495970954e+01
8.553367721495970954e+01
8.279140925759378433e+01
8.279140925759379854e+01
8.279140925759379854e+01
8.279140925759388381e+01
8.279140925759401171e+01
8.279140925759413960e+01
8.279140925759428171e+01
8.279140925759435277e+01
8.279140925759446645e+01
8.279140925759456593e+01
8.279140925759482172e+01
8.279140925759493541e+01
8.279140925759502068e+01
8.279140925759504910e+01
8.279140925759516279e+01
8.279140925759516279e+01
8.279140925759516279e+01
8.279140925759504910e+01
8.279140925759502068e+01
8.279140925759493541e+01
8.279140925759482172e+01
8.279140925759456593e+01
8.279140925759446645e+01
8.279140925759435277e+01
8.279140925759428171e+01
8.279140925759413960e+01
8.279140925759401171e+01
8.279140925759388381e+01
8.279140925759379854e+01
8.279140925759379854e+01
7.918634528243757131e+01
7.918634528243757131e+01
7.918634528243757131e+01
7.918634528243771342e+01
7.918634528243779869e+01
7.918634528243792658e+01
7.918634528243799764e+01
7.918634528243816817e+01
7.918634528243840975e+01
7.918634528243855186e+01
7.918634528243865134e+01
7.918634528243876503e+01
7.918634528243892134e+01
7.918634528243892134e+01
7.918634528243899240e+01
7.918634528243897819e+01
7.918634528243899240e+01
7.918634528243892134e+01
7.918634528243892134e+01
7.918634528243876503e+01
7.918634528243865134e+01
7.918634528243855186e+01
7.918634528243840975e+01
7.918634528243816817e+01
7.918634528243799764e+01
7.918634528243792658e+01
7.918634528243779869e+01
7.918634528243771342e+01
7.918634528243757131e+01
7.918634528243757131e+01
7.480535862304640204e+01
7.480535862304640204e+01
7.480535862304640204e+01
7.480535862304652994e+01
7.480535862304661521e+01
7.480535862304675732e+01
7.480535862304688521e+01
7.480535862304699890e+01
7.480535862304726891e+01
7.480535862304736838e+01
7.480535862304748207e+01
7.480535862304760997e+01
7.480535862304776629e+01
7.480535862304779471e+01
7.480535862304789418e+01
7.480535862304789418e+01
7.480535862304789418e+01
7.480535862304779471e+01
7.480535862304776629e+01
7.480535862304760997e+01
7.480535862304748207e+01
7.480535862304736838e+01
7.480535862304725470e+01
7.480535862304699890e+01
7.480535862304688521e+01
7.480535862304675732e+01
7.480535862304661521e+01
7.480535862304652994e+01
7.480535862304640204e+01
7.480535862304640204e+01
6.969960571547993311e+01
6.969960571547993311e+01
6.969960571548004680e+01
6.969960571548003259e+01
6.969960571548017469e+01
6.969960571548030259e+01
6.969960571548044470e+01
6.969960571548071471e+01
6.969960571548084260e+01
6.969960571548095629e+01
6.969960571548108419e+01
6.969960571548121209e+01
6.969960571548133998e+01
6.969960571548145367e+01
6.969960571548143946e+01
6.969960571548143946e+01
6.969960571548143946e+01
6.969960571548145367e+01
6.969960571548133998e+01
6.969960571548121209e+01
6.969960571548108419e+01
6.969960571548095629e+01
6.969960571548082839e+01
6.969960571548071471e+01
6.969960571548044470e+01
6.969960571548030259e+01
6.969960571548017469e+01
6.969960571548003259e+01
6.969960571548004680e+01
6.969960571547993311e+01
6.387076061862507004e+01
6.387076061862507004e+01
6.387076061862507004e+01
6.387076061862536136e+01
6.387076061862536136e+01
6.387076061862548926e+01
6.387076061862562426e+01
6.387076061862573795e+01
6.387076061862601506e+01
6.387076061862616427e+01
6.387076061862627796e+01
6.387076061862659060e+01
6.387076061862657639e+01
6.387076061862669007e+01
6.387076061862669007e+01
6.387076061862669007e+01
6.387076061862669007e+01
6.387076061862669007e+01
6.387076061862657639e+01
6.387076061862659060e+01
6.387076061862627796e+01
6.387076061862616427e+01
6.387076061862601506e+01
6.387076061862573795e+01
6.387076061862562426e+01
6.387076061862548926e+01
6.387076061862536136e+01
6.387076061862536136e+01
6.387076061862507004e+01
6.387076061862507004e+01
5.732804767682980440e+01
5.732804767682980440e+01
5.732804767682980440e+01
5.732804767682991809e+01
5.732804767683008151e+01
5.732804767683022362e+01
5.732804767683033020e+01
5.732804767683048652e+01
5.732804767683077074e+01
5.732804767683091285e+01
5.732804767683103364e+01
5.732804767683133917e+01
5.732804767683133917e+01
5.732804767683148839e+01
5.732804767683145997e+01
5.732804767683145997e+01
5.732804767683145997e+01
5.732804767683148839e+01
5.732804767683133917e+01
5.732804767683133917e+01
5.732804767683103364e+01
5.732804767683091285e+01
5.732804767683077074e+01
5.732804767683047231e+01
5.732804767683033020e+01
5.732804767683035863e+01
5.732804767683008151e+01
5.732804767682991809e+01
5.732804767682980440e+01
5.732804767682980440e+01
5.010838745219935930e+01
5.010838745219935930e+01
5.010838745219935930e+01
5.010838745219951562e+01
5.010838745219952983e+01
5.010838745219979984e+01
5.010838745219979984e+01
5.010838745220009827e+01
5.010838745220022616e+01
5.010838745220053880e+01
5.010838745220051749e+01
5.010838745220082302e+01
5.010838745220096513e+01
5.010838745220095092e+01
5.010838745220110013e+01
5.010838745220110013e+01
5.010838745220110013e+01
5.010838745220095092e+01
5.010838745220096513e+01
5.010838745220082302e+01
5.010838745220051749e+01
5.010838745220053880e+01
5.010838745220022616e+01
5.010838745220009827e+01
5.010838745219979984e+01
5.010838745219979984e+01
5.010838745219952983e+01
5.010838745219951562e+01
5.010838745219935930e+01
5.010838745219935930e+01
