1.773077887908056027e+01
1.773077887908056027e+01
1.773077887908056027e+01
1.773077887908056027e+01
1.773077887908056027e+01
1.773077887908056027e+01
1.773077887908055672e+01
1.773077887908055672e+01
1.773077887908055317e+01
1.773077887908055317e+01
1.773077887908055317e+01
1.773077887908055317e+01
1.773077887908055317e+01
1.773077887908055317e+01
1.773077887908055317e+01
1.773077887908055317e+01
1.773077887908055317e+01
1.773077887908055317e+01
1.773077887908055317e+01
1.773077887908055317e+01
1.773077887908055317e+01
1.773077887908055317e+01
1.773077887908055317e+01
1.773077887908055672e+01
1.773077887908055672e+01
1.773077887908056027e+01
1.773077887908056027e+01
1.773077887908056027e+01
1.773077887908056027e+01
1.773077887908056027e+01
1.773077887908057093e+01
1.773077887908057093e+01
1.773077887908056738e+01
1.773077887908056738e+01
1.773077887908056738e+01
1.773077887908056383e+01
1.773077887908056027e+01
1.773077887908055672e+01
1.773077887908055317e+01
1.773077887908055317e+01
1.773077887908054961e+01
1.773077887908054606e+01
1.773077887908054606e+01
1.773077887908054251e+01
1.773077887908054251e+01
1.773077887908054251e+01
1.773077887908054251e+01
1.773077887908054251e+01
1.773077887908054606e+01
1.773077887908054606e+01
1.773077887908054961e+01
1.773077887908055317e+01
1.773077887908055317e+01
1.773077887908055672e+01
1.773077887908056027e+01
1.773077887908056383e+01
1.773077887908056738e+01
1.773077887908056738e+01
1.773077887908056738e+01
1.773077887908057093e+01
1.773077887908058159e+01
1.773077887908057804e+01
1.773077887908057804e+01
1.773077887908057448e+01
1.773077887908057093e+01
1.773077887908056738e+01
1.773077887908056383e+01
1.773077887908056027e+01
1.773077887908055317e+01
1.773077887908054961e+01
1.773077887908054251e+01
1.773077887908053896e+01
1.773077887908053540e+01
1.773077887908053185e+01
1.773077887908053185e+01
1.773077887908053185e+01
1.773077887908053185e+01
1.773077887908053185e+01
1.773077887908053540e+01
1.773077887908053896e+01
1.773077887908054251e+01
1.773077887908054961e+01
1.773077887908055317e+01
1.773077887908056027e+01
1.773077887908056383e+01
1.773077887908056738e+01
1.773077887908057093e+01
1.773077887908057448e+01
1.773077887908057804e+01
1.773077887908057804e+01
1.773077887908058869e+01
1.773077887908058869e+01
1.773077887908058869e+01
1.773077887908058159e+01
1.773077887908057804e+01
1.773077887908057448e+01
1.773077887908056738e+01
1.773077887908056027e+01
1.773077887908055317e+01
1.773077887908054606e+01
1.773077887908053896e+01
1.773077887908053185e+01
1.773077887908052830e+01
1.773077887908052475e+01
1.773077887908052475e+01
1.773077887908052119e+01
1.773077887908052475e+01
1.773077887908052475e+01
1.773077887908052830e+01
1.773077887908053185e+01
1.773077887908053896e+01
1.773077887908054606e+01
1.773077887908055317e+01
1.773077887908056027e+01
1.773077887908056738e+01
1.773077887908057448e+01
1.773077887908057804e+01
1.773077887908058159e+01
1.773077887908058869e+01
1.773077887908058869e+01
1.773077887908059935e+01
1.773077887908059935e+01
1.773077887908059580e+01
1.773077887908058869e+01
1.773077887908058514e+01
1.773077887908057804e+01
1.773077887908056738e+01
1.773077887908056027e+01
1.773077887908055317e+01
1.773077887908054251e+01
1.773077887908053540e+01
1.773077887908052475e+01
1.773077887908052119e+01
1.773077887908051764e+01
1.773077887908051409e+01
1.773077887908051054e+01
1.773077887908051409e+01
1.773077887908051764e+01
1.773077887908052119e+01
1.773077887908052475e+01
1.773077887908053540e+01
1.773077887908054251e+01
1.773077887908055317e+01
1.773077887908056027e+01
1.773077887908056738e+01
1.773077887908057804e+01
1.773077887908058514e+01
1.773077887908058869e+01
1.773077887908059580e+01
1.773077887908059935e+01
1.773077887908061001e+01
1.773077887908060646e+01
1.773077887908060291e+01
1.773077887908059935e+01
1.773077887908059225e+01
1.773077887908058159e+01
1.773077887908057093e+01
1.773077887908056027e+01
1.773077887908054961e+01
1.773077887908053896e+01
1.773077887908052830e+01
1.773077887908052119e+01
1.773077887908051409e+01
1.773077887908050698e+01
1.773077887908050343e+01
1.773077887908050343e+01
1.773077887908050343e+01
1.773077887908050698e+01
1.773077887908051409e+01
1.773077887908052119e+01
1.773077887908052830e+01
1.773077887908053896e+01
1.773077887908054961e+01
1.773077887908056027e+01
1.773077887908057093e+01
1.773077887908058159e+01
1.773077887908059225e+01
1.773077887908059935e+01
1.773077887908060291e+01
1.773077887908060646e+01
1.773077887908061712e+01
1.773077887908061712e+01
1.773077887908061356e+01
1.773077887908060646e+01
1.773077887908059580e+01
1.773077887908058869e+01
1.773077887908057448e+01
1.773077887908056027e+01
1.773077887908054961e+01
1.773077887908053540e+01
1.773077887908052475e+01
1.773077887908051409e+01
1.773077887908050343e+01
1.773077887908049988e+01
1.773077887908049632e+01
1.773077887908049277e+01
1.773077887908049632e+01
1.773077887908049988e+01
1.773077887908050343e+01
1.773077887908051409e+01
1.773077887908052475e+01
1.773077887908053540e+01
1.773077887908054961e+01
1.773077887908056027e+01
1.773077887908057448e+01
1.773077887908058869e+01
1.773077887908059580e+01
1.773077887908060646e+01
1.773077887908061356e+01
1.773077887908061712e+01
1.773077887908062422e+01
1.773077887908062067e+01
1.773077887908061712e+01
1.773077887908061356e+01
1.773077887908060291e+01
1.773077887908059225e+01
1.773077887908057804e+01
1.773077887908056383e+01
1.773077887908054961e+01
1.773077887908053185e+01
1.773077887908051764e+01
1.773077887908050698e+01
1.773077887908049632e+01
1.773077887908048922e+01
1.773077887908048567e+01
1.773077887908048211e+01
1.773077887908048567e+01
1.773077887908048922e+01
1.773077887908049632e+01
1.773077887908050698e+01
1.773077887908051764e+01
1.773077887908053185e+01
1.773077887908054961e+01
1.773077887908056383e+01
1.773077887908057804e+01
1.773077887908059225e+01
1.773077887908060291e+01
1.773077887908061356e+01
1.773077887908061712e+01
1.773077887908062067e+01
1.773077887908063488e+01
1.773077887908063133e+01
1.773077887908062777e+01
1.773077887908061712e+01
1.773077887908061001e+01
1.773077887908059580e+01
1.773077887908058159e+01
1.773077887908056383e+01
1.773077887908054606e+01
1.773077887908053185e+01
1.773077887908051409e+01
1.773077887908049988e+01
1.773077887908048922e+01
1.773077887908048211e+01
1.773077887908047501e+01
1.773077887908047501e+01
1.773077887908047501e+01
1.773077887908048211e+01
1.773077887908048922e+01
1.773077887908049988e+01
1.773077887908051409e+01
1.773077887908053185e+01
1.773077887908054606e+01
1.773077887908056383e+01
1.773077887908058159e+01
1.773077887908059580e+01
1.773077887908061001e+01
1.773077887908061712e+01
1.773077887908062777e+01
1.773077887908063133e+01
1.773077887908064199e+01
1.773077887908064199e+01
1.773077887908063488e+01
1.773077887908062777e+01
1.773077887908061712e+01
1.773077887908060291e+01
1.773077887908058514e+01
1.773077887908056738e+01
1.773077887908054606e+01
1.773077887908052830e+01
1.773077887908051054e+01
1.773077887908049632e+01
1.773077887908048211e+01
1.773077887908047146e+01
1.773077887908046790e+01
1.773077887908046435e+01
1.773077887908046790e+01
1.773077887908047146e+01
1.773077887908048211e+01
1.773077887908049632e+01
1.773077887908051054e+01
1.773077887908052830e+01
1.773077887908054606e+01
1.773077887908056738e+01
1.773077887908058514e+01
1.773077887908060291e+01
1.773077887908061712e+01
1.773077887908062777e+01
1.773077887908063488e+01
1.773077887908064199e+01
1.773077887908065264e+01
1.773077887908064909e+01
1.773077887908064554e+01
1.773077887908063488e+01
1.773077887908062067e+01
1.773077887908060646e+01
1.773077887908058869e+01
1.773077887908056738e+01
1.773077887908054606e+01
1.773077887908052475e+01
1.773077887908050343e+01
1.773077887908048922e+01
1.773077887908047501e+01
1.773077887908046435e+01
1.773077887908045724e+01
1.773077887908045369e+01
1.773077887908045724e+01
1.773077887908046435e+01
1.773077887908047501e+01
1.773077887908048922e+01
1.773077887908050343e+01
1.773077887908052475e+01
1.773077887908054606e+01
1.773077887908056738e+01
1.773077887908058869e+01
1.773077887908060646e+01
1.773077887908062067e+01
1.773077887908063488e+01
1.773077887908064554e+01
1.773077887908064909e+01
1.773077887908066330e+01
1.773077887908065975e+01
1.773077887908065264e+01
1.773077887908064199e+01
1.773077887908062777e+01
1.773077887908061001e+01
1.773077887908058869e+01
1.773077887908056738e+01
1.773077887908054606e+01
1.773077887908052119e+01
1.773077887908049988e+01
1.773077887908048211e+01
1.773077887908046790e+01
1.773077887908045369e+01
1.773077887908044659e+01
1.773077887908044659e+01
1.773077887908044659e+01
1.773077887908045369e+01
1.773077887908046790e+01
1.773077887908048211e+01
1.773077887908049988e+01
1.773077887908052119e+01
1.773077887908054606e+01
1.773077887908056738e+01
1.773077887908058869e+01
1.773077887908061001e+01
1.773077887908062777e+01
1.773077887908064199e+01
1.773077887908065264e+01
1.773077887908065975e+01
1.773077887908067041e+01
1.773077887908067041e+01
1.773077887908066330e+01
1.773077887908064909e+01
1.773077887908063488e+01
1.773077887908061712e+01
1.773077887908059225e+01
1.773077887908056738e+01
1.773077887908054251e+01
1.773077887908051764e+01
1.773077887908049632e+01
1.773077887908047501e+01
1.773077887908045724e+01
1.773077887908044659e+01
1.773077887908043948e+01
1.773077887908043593e+01
1.773077887908043948e+01
1.773077887908044659e+01
1.773077887908045724e+01
1.773077887908047501e+01
1.773077887908049632e+01
1.773077887908051764e+01
1.773077887908054251e+01
1.773077887908056738e+01
1.773077887908059225e+01
1.773077887908061712e+01
1.773077887908063488e+01
1.773077887908064909e+01
1.773077887908066330e+01
1.773077887908067041e+01
1.773077887908068107e+01
1.773077887908067751e+01
1.773077887908067041e+01
1.773077887908065620e+01
1.773077887908063843e+01
1.773077887908061712e+01
1.773077887908059580e+01
1.773077887908056738e+01
1.773077887908054251e+01
1.773077887908051764e+01
1.773077887908048922e+01
1.773077887908046790e+01
1.773077887908045014e+01
1.773077887908043593e+01
1.773077887908042882e+01
1.773077887908042882e+01
1.773077887908042882e+01
1.773077887908043593e+01
1.773077887908045014e+01
1.773077887908046790e+01
1.773077887908048922e+01
1.773077887908051764e+01
1.773077887908054251e+01
1.773077887908056738e+01
1.773077887908059580e+01
1.773077887908061712e+01
1.773077887908063843e+01
1.773077887908065620e+01
1.773077887908067041e+01
1.773077887908067751e+01
1.773077887908069172e+01
1.773077887908068817e+01
1.773077887908067751e+01
1.773077887908066330e+01
1.773077887908064554e+01
1.773077887908062067e+01
1.773077887908059935e+01
1.773077887908057093e+01
1.773077887908054251e+01
1.773077887908051054e+01
1.773077887908048567e+01
1.773077887908046080e+01
1.773077887908044303e+01
1.773077887908042882e+01
1.773077887908042172e+01
1.773077887908042172e+01
1.773077887908042172e+01
1.773077887908042882e+01
1.773077887908044303e+01
1.773077887908046080e+01
1.773077887908048567e+01
1.773077887908051054e+01
1.773077887908054251e+01
1.773077887908057093e+01
1.773077887908059935e+01
1.773077887908062067e+01
1.773077887908064554e+01
1.773077887908066330e+01
1.773077887908067751e+01
1.773077887908068817e+01
1.773077887908070238e+01
1.773077887908069883e+01
1.773077887908068817e+01
1.773077887908067396e+01
1.773077887908065264e+01
1.773077887908062777e+01
1.773077887908060291e+01
1.773077887908057093e+01
1.773077887908053896e+01
1.773077887908051054e+01
1.773077887908048211e+01
1.773077887908045724e+01
1.773077887908043593e+01
1.773077887908042172e+01
1.773077887908041461e+01
1.773077887908041106e+01
1.773077887908041461e+01
1.773077887908042172e+01
1.773077887908043593e+01
1.773077887908045724e+01
1.773077887908048211e+01
1.773077887908051054e+01
1.773077887908053896e+01
1.773077887908057093e+01
1.773077887908060291e+01
1.773077887908062777e+01
1.773077887908065264e+01
1.773077887908067396e+01
1.773077887908068817e+01
1.773077887908069883e+01
1.773077887908071304e+01
1.773077887908070593e+01
1.773077887908069883e+01
1.773077887908068107e+01
1.773077887908065975e+01
1.773077887908063133e+01
1.773077887908060291e+01
1.773077887908057448e+01
1.773077887908053896e+01
1.773077887908050698e+01
1.773077887908047501e+01
1.773077887908045014e+01
1.773077887908042882e+01
1.773077887908041461e+01
1.773077887908040395e+01
1.773077887908040040e+01
1.773077887908040395e+01
1.773077887908041461e+01
1.773077887908042882e+01
1.773077887908045014e+01
1.773077887908047501e+01
1.773077887908050698e+01
1.773077887908053896e+01
1.773077887908057448e+01
1.773077887908060291e+01
1.773077887908063133e+01
1.773077887908065975e+01
1.773077887908068107e+01
1.773077887908069883e+01
1.773077887908070593e+01
1.773077887908072015e+01
1.773077887908071659e+01
1.773077887908070593e+01
1.773077887908068817e+01
1.773077887908066330e+01
1.773077887908063488e+01
1.773077887908061001e+01
1.773077887908057448e+01
1.773077887908053896e+01
1.773077887908050343e+01
1.773077887908047146e+01
1.773077887908044303e+01
1.773077887908042172e+01
1.773077887908040751e+01
1.773077887908039330e+01
1.773077887908038974e+01
1.773077887908039330e+01
1.773077887908040751e+01
1.773077887908042172e+01
1.773077887908044303e+01
1.773077887908047146e+01
1.773077887908050343e+01
1.773077887908053896e+01
1.773077887908057448e+01
1.773077887908061001e+01
1.773077887908063488e+01
1.773077887908066330e+01
1.773077887908068817e+01
1.773077887908070593e+01
1.773077887908071659e+01
1.773077887908073080e+01
1.773077887908072725e+01
1.773077887908071304e+01
1.773077887908069528e+01
1.773077887908067041e+01
1.773077887908064199e+01
1.773077887908061001e+01
1.773077887908057448e+01
1.773077887908053896e+01
1.773077887908049988e+01
1.773077887908046790e+01
1.773077887908043593e+01
1.773077887908041461e+01
1.773077887908039685e+01
1.773077887908038619e+01
1.773077887908038264e+01
1.773077887908038619e+01
1.773077887908039685e+01
1.773077887908041461e+01
1.773077887908043593e+01
1.773077887908046790e+01
1.773077887908049988e+01
1.773077887908053896e+01
1.773077887908057448e+01
1.773077887908061001e+01
1.773077887908064199e+01
1.773077887908067041e+01
1.773077887908069528e+01
1.773077887908071304e+01
1.773077887908072725e+01
1.773077887908074146e+01
1.773077887908073436e+01
1.773077887908072370e+01
1.773077887908070593e+01
1.773077887908067751e+01
1.773077887908064554e+01
1.773077887908061356e+01
1.773077887908057448e+01
1.773077887908053540e+01
1.773077887908049632e+01
1.773077887908046080e+01
1.773077887908043238e+01
1.773077887908040751e+01
1.773077887908038619e+01
1.773077887908037553e+01
1.773077887908037198e+01
1.773077887908037553e+01
1.773077887908038619e+01
1.773077887908040751e+01
1.773077887908043238e+01
1.773077887908046080e+01
1.773077887908049632e+01
1.773077887908053540e+01
1.773077887908057448e+01
1.773077887908061356e+01
1.773077887908064554e+01
1.773077887908067751e+01
1.773077887908070593e+01
1.773077887908072370e+01
1.773077887908073436e+01
1.773077887908074857e+01
1.773077887908074501e+01
1.773077887908073436e+01
1.773077887908071304e+01
1.773077887908068462e+01
1.773077887908064909e+01
1.773077887908061712e+01
1.773077887908057448e+01
1.773077887908053540e+01
1.773077887908049632e+01
1.773077887908045724e+01
1.773077887908042882e+01
1.773077887908040040e+01
1.773077887908037908e+01
1.773077887908036487e+01
1.773077887908036132e+01
1.773077887908036487e+01
1.773077887908037908e+01
1.773077887908040040e+01
1.773077887908042882e+01
1.773077887908045724e+01
1.773077887908049632e+01
1.773077887908053540e+01
1.773077887908057448e+01
1.773077887908061712e+01
1.773077887908064909e+01
1.773077887908068462e+01
1.773077887908071304e+01
1.773077887908073436e+01
1.773077887908074501e+01
1.773077887908075922e+01
1.773077887908075567e+01
1.773077887908074146e+01
1.773077887908072015e+01
1.773077887908069172e+01
1.773077887908065620e+01
1.773077887908061712e+01
1.773077887908057804e+01
1.773077887908053540e+01
1.773077887908049277e+01
1.773077887908045369e+01
1.773077887908042172e+01
1.773077887908039330e+01
1.773077887908037198e+01
1.773077887908035777e+01
1.773077887908035066e+01
1.773077887908035777e+01
1.773077887908037198e+01
1.773077887908039330e+01
1.773077887908042172e+01
1.773077887908045369e+01
1.773077887908049277e+01
1.773077887908053540e+01
1.773077887908057804e+01
1.773077887908061712e+01
1.773077887908065620e+01
1.773077887908069172e+01
1.773077887908072015e+01
1.773077887908074146e+01
1.773077887908075567e+01
1.773077887908076988e+01
1.773077887908076278e+01
1.773077887908074857e+01
1.773077887908072725e+01
1.773077887908069883e+01
1.773077887908065975e+01
1.773077887908062067e+01
1.773077887908057804e+01
1.773077887908053185e+01
1.773077887908048922e+01
1.773077887908044659e+01
1.773077887908041461e+01
1.773077887908038619e+01
1.773077887908036132e+01
1.773077887908034711e+01
1.773077887908034356e+01
1.773077887908034711e+01
1.773077887908036132e+01
1.773077887908038619e+01
1.773077887908041461e+01
1.773077887908044659e+01
1.773077887908048922e+01
1.773077887908053185e+01
1.773077887908057804e+01
1.773077887908062067e+01
1.773077887908065975e+01
1.773077887908069883e+01
1.773077887908072725e+01
1.773077887908074857e+01
1.773077887908076278e+01
1.773077887908077699e+01
1.773077887908077344e+01
1.773077887908075922e+01
1.773077887908073436e+01
1.773077887908070238e+01
1.773077887908066330e+01
1.773077887908062067e+01
1.773077887908058159e+01
1.773077887908053185e+01
1.773077887908048567e+01
1.773077887908044303e+01
1.773077887908040751e+01
1.773077887908037553e+01
1.773077887908035066e+01
1.773077887908033645e+01
1.773077887908033290e+01
1.773077887908033645e+01
1.773077887908035066e+01
1.773077887908037553e+01
1.773077887908040751e+01
1.773077887908044303e+01
1.773077887908048567e+01
1.773077887908053185e+01
1.773077887908058159e+01
1.773077887908062067e+01
1.773077887908066330e+01
1.773077887908070238e+01
1.773077887908073436e+01
1.773077887908075922e+01
1.773077887908077344e+01
1.773077887908078765e+01
1.773077887908078409e+01
1.773077887908076633e+01
1.773077887908074146e+01
1.773077887908070949e+01
1.773077887908067041e+01
1.773077887908062422e+01
1.773077887908058159e+01
1.773077887908053185e+01
1.773077887908048211e+01
1.773077887908043948e+01
1.773077887908040040e+01
1.773077887908036843e+01
1.773077887908034356e+01
1.773077887908032935e+01
1.773077887908032224e+01
1.773077887908032935e+01
1.773077887908034356e+01
1.773077887908036843e+01
1.773077887908040040e+01
1.773077887908043948e+01
1.773077887908048211e+01
1.773077887908053185e+01
1.773077887908058159e+01
1.773077887908062422e+01
1.773077887908067041e+01
1.773077887908070949e+01
1.773077887908074146e+01
1.773077887908076633e+01
1.773077887908078409e+01
1.773077887908079830e+01
1.773077887908079120e+01
1.773077887908077699e+01
1.773077887908074857e+01
1.773077887908071659e+01
1.773077887908067396e+01
1.773077887908062777e+01
1.773077887908058159e+01
1.773077887908053185e+01
1.773077887908048211e+01
1.773077887908043238e+01
1.773077887908039330e+01
1.773077887908036132e+01
1.773077887908033645e+01
1.773077887908031869e+01
1.773077887908031514e+01
1.773077887908031869e+01
1.773077887908033645e+01
1.773077887908036132e+01
1.773077887908039330e+01
1.773077887908043238e+01
1.773077887908048211e+01
1.773077887908052830e+01
1.773077887908058159e+01
1.773077887908062777e+01
1.773077887908067396e+01
1.773077887908071659e+01
1.773077887908074857e+01
1.773077887908077699e+01
1.773077887908079120e+01
1.773077887908080541e+01
1.773077887908080186e+01
1.773077887908078409e+01
1.773077887908075922e+01
1.773077887908072370e+01
1.773077887908068107e+01
1.773077887908063133e+01
1.773077887908058159e+01
1.773077887908053185e+01
1.773077887908047856e+01
1.773077887908042882e+01
1.773077887908038974e+01
1.773077887908035422e+01
1.773077887908032579e+01
1.773077887908030803e+01
1.773077887908030448e+01
1.773077887908030803e+01
1.773077887908032579e+01
1.773077887908035422e+01
1.773077887908038974e+01
1.773077887908042882e+01
1.773077887908047501e+01
1.773077887908052830e+01
1.773077887908058159e+01
1.773077887908063133e+01
1.773077887908068107e+01
1.773077887908072370e+01
1.773077887908075922e+01
1.773077887908078409e+01
1.773077887908080186e+01
1.773077887908081252e+01
1.773077887908080896e+01
1.773077887908079475e+01
1.773077887908076633e+01
1.773077887908072725e+01
1.773077887908068462e+01
1.773077887908063488e+01
1.773077887908058514e+01
1.773077887908052830e+01
1.773077887908047501e+01
1.773077887908042882e+01
1.773077887908038264e+01
1.773077887908034356e+01
1.773077887908031869e+01
1.773077887908030092e+01
1.773077887908029382e+01
1.773077887908030092e+01
1.773077887908031869e+01
1.773077887908034356e+01
1.773077887908038264e+01
1.773077887908042882e+01
1.773077887908047501e+01
1.773077887908052830e+01
1.773077887908058159e+01
1.773077887908063488e+01
1.773077887908068462e+01
1.773077887908072725e+01
1.773077887908076633e+01
1.773077887908079475e+01
1.773077887908080896e+01
1.773077887908082317e+01
1.773077887908081607e+01
1.773077887908080186e+01
1.773077887908077344e+01
1.773077887908073436e+01
1.773077887908069172e+01
1.773077887908063843e+01
1.773077887908058514e+01
1.773077887908052830e+01
1.773077887908047146e+01
1.773077887908042172e+01
1.773077887908037553e+01
1.773077887908033645e+01
1.773077887908030803e+01
1.773077887908029027e+01
1.773077887908028671e+01
1.773077887908029027e+01
1.773077887908030803e+01
1.773077887908033645e+01
1.773077887908037553e+01
1.773077887908042172e+01
1.773077887908047146e+01
1.773077887908052475e+01
1.773077887908058159e+01
1.773077887908063488e+01
1.773077887908068817e+01
1.773077887908073436e+01
1.773077887908077344e+01
1.773077887908080186e+01
1.773077887908081607e+01
1.773077887908083028e+01
1.773077887908082673e+01
1.773077887908080896e+01
1.773077887908078054e+01
1.773077887908074146e+01
1.773077887908069528e+01
1.773077887908064199e+01
1.773077887908058514e+01
1.773077887908052830e+01
1.773077887908046790e+01
1.773077887908041816e+01
1.773077887908036843e+01
1.773077887908032935e+01
1.773077887908030092e+01
1.773077887908027961e+01
1.773077887908027606e+01
1.773077887908027961e+01
1.773077887908030092e+01
1.773077887908032935e+01
1.773077887908036843e+01
1.773077887908041461e+01
1.773077887908046790e+01
1.773077887908052475e+01
1.773077887908058514e+01
1.773077887908063843e+01
1.773077887908069172e+01
1.773077887908074146e+01
1.773077887908078054e+01
1.773077887908080896e+01
1.773077887908082673e+01
