0.1
0.11724137931034483
0.13448275862068965
0.15172413793103448
0.16896551724137931
0.18620689655172415
0.20344827586206896
0.2206896551724138
0.23793103448275862
0.25517241379310346
0.27241379310344827
0.2896551724137931
0.30689655172413793
0.32413793103448274
0.3413793103448276
0.3586206896551724
0.3758620689655172
0.3931034482758621
0.4103448275862069
0.42758620689655175
0.44482758620689655
0.46206896551724136
0.4793103448275862
0.496551724137931
0.5137931034482759
0.5310344827586206
0.5482758620689655
0.5655172413793104
0.5827586206896552
0.6
