0.03468170858932147
0.03483533121260138
0.03495372629221407
0.03503433675974298
0.035074556585852956
0.035071742400817105
0.035023281302242706
0.034926534171089686
0.03477885030672443
0.03457752027375983
0.03431997606965166
0.0340038415935546
0.033626284776977676
0.03318488663594251
0.03267720529294515
0.032100818149495045
0.03145337374489603
0.030732581863365287
0.029936216192824147
0.02906212196106509
0.02810821117967188
0.02707247326081962
0.02595297114043934
0.0247478370115572
0.023455287405521903
0.02207360949303767
0.02060116944386793
0.01903640467161381
0.01737782300645282
0.015624009048269433
