0.27937586096220784
0.3199733767615463
0.358531894038329
0.3951241501120182
0.42982195693634573
0.46269569922440174
0.493814334500328
0.5232444284417904
0.5510497714125803
0.5772912135194461
0.6020263177555832
0.6253093878337664
0.6471886312950417
0.6677084270902321
0.6869073460639863
0.7048170438919024
0.7214616022124192
0.7368559545411053
0.7510039823012788
0.7638960311142335
0.7755054266799486
0.7857836819323891
0.7946536149464852
0.8019993449500795
0.807651403942089
0.8113637946236224
0.8127775905165114
0.8113608427220033
0.8063046334711769
0.7963326048804119
