0.09689232196782087
0.09507205241246638
0.0931868577041284
0.09123737808432247
0.08922420856362683
0.08714792348551127
0.085009313915298
0.08280911216942656
0.08054803591795255
0.0782267108838689
0.07584611844829009
0.07340770473273783
0.0709116772348466
0.06835925801135452
0.06575153116892776
0.0630895104696654
0.06037427899930121
0.05760693792884544
0.054788597453734954
0.05192038298650383
0.0490034138619337
0.046038815210387087
0.04302770127519467
0.039971161325958765
0.03687028042181973
0.03372611033896239
0.03053967905722462
0.027311976022315377
0.024043950123230944
0.02073651304013921
