-7.678535430653904863e-17 1.254000000000000004e+00
-7.678535430653904863e-17 1.254000000000000004e+00
-7.678535430653904863e-17 1.254000000000000004e+00
-7.678535430653904863e-17 1.254000000000000004e+00
-7.678535430653904863e-17 1.254000000000000004e+00
-3.979925730363952779e-02 1.254253612352848934e+00
-3.980450699641219225e-02 1.253698371894663488e+00
-3.980965679711846034e-02 1.253539161152561476e+00
-3.982737705110560994e-02 1.253199145792510905e+00
-3.984976767380028762e-02 1.252953521396988013e+00
-7.950337263975777724e-02 1.251986073605398042e+00
-7.952438200949808744e-02 1.250876151769103162e+00
-7.954499160929982826e-02 1.250557890596620370e+00
-7.961590840082073683e-02 1.249878202243165148e+00
-7.970551609621906453e-02 1.249387200775065043e+00
-1.189530615494514137e-01 1.247211087537792862e+00
-1.190003725422334735e-01 1.245547601920593328e+00
-1.190467832932228798e-01 1.245070610779752895e+00
-1.192064807926360021e-01 1.244051933821450184e+00
-1.194082683323199889e-01 1.243316049677630541e+00
-1.579904617195802830e-01 1.239952445321254260e+00
-1.580746701081325034e-01 1.237737070912159343e+00
-1.581572761648330772e-01 1.237101830092606880e+00
-1.584415202335074657e-01 1.235745190250804093e+00
-1.588006799667428526e-01 1.234765164404219684e+00
-1.964597752255420882e-01 1.230243925123880810e+00
-1.965915533225871259e-01 1.227478892617130946e+00
-1.967208239231004185e-01 1.226686041752524936e+00
-1.971656387819315792e-01 1.224992805048545463e+00
-1.977276895110180455e-01 1.223769624302150527e+00
-2.342079052930984284e-01 1.218129151516244235e+00
-2.343980258797563887e-01 1.214817245065191953e+00
-2.345845288188511402e-01 1.213867582489146058e+00
-2.352262778182031555e-01 1.211839453868821082e+00
-2.360371668562269432e-01 1.210374349861942811e+00
-2.710850852204180761e-01 1.203661415247515354e+00
-2.713444470844609269e-01 1.199805969661218441e+00
-2.715988737658813768e-01 1.198700451603447181e+00
-2.724743455895562438e-01 1.196339473220380478e+00
-2.735805576843682307e-01 1.194633921188562153e+00
-3.069454972040869811e-01 1.186903454122414825e+00
-3.072851527210206379e-01 1.182508351507767008e+00
-3.076183452137507546e-01 1.181248091131243738e+00
-3.087648469784898264e-01 1.178556640290535418e+00
-3.102135219496086616e-01 1.176612357580099522e+00
-3.416478789347554557e-01 1.167927195865891443e+00
-3.420790641742914029e-01 1.162996861718668340e+00
-3.425020447461554762e-01 1.161583127998764953e+00
-3.439575036255526630e-01 1.158563914763266922e+00
-3.457965647721836788e-01 1.156382859102093041e+00
-3.750561159721862436e-01 1.146813464015459250e+00
-3.755902838756488005e-01 1.141352862764220655e+00
-3.761142875394134499e-01 1.139787079210955456e+00
-3.779173627537235625e-01 1.136443143672468237e+00
-3.801956583607175588e-01 1.134027511198727245e+00
-4.070398180793765031e-01 1.123651648029980965e+00
-4.076886753325962287e-01 1.117666278037311667e+00
-4.083251860172394387e-01 1.115950021261997271e+00
-4.105153932972390174e-01 1.112284730480154860e+00
-4.132828539027793013e-01 1.109636953530983128e+00
-4.374748778956629724e-01 1.098539338947720712e+00
-4.382504262203347212e-01 1.092035226973845363e+00
-4.390112172767051679e-01 1.090170225101573465e+00
-4.416290682420118130e-01 1.086187269713499770e+00
-4.449368827506289814e-01 1.083310014375842956e+00
-4.662440105652406186e-01 1.071581932065178044e+00
-4.671585932739923397e-01 1.064565627199523856e+00
-4.680557731440202485e-01 1.062553758129090697e+00
-4.711429324489825876e-01 1.058257148633240829e+00
-4.750437466949803400e-01 1.055153312059329274e+00
-4.932372732179630126e-01 1.042892198240959356e+00
-4.943036280301993379e-01 1.035370765307779939e+00
-4.953496920577508678e-01 1.033214054820800420e+00
-4.989491556704840902e-01 1.028608117538728717e+00
-5.034972976843836712e-01 1.025280825028891396e+00
-5.183525635338972481e-01 1.012589825555237022e+00
-5.195838828382780550e-01 1.004570837999931188e+00
-5.207917723849490033e-01 1.002271457721049197e+00
-5.249480710023669561e-01 9.973608304411700765e-01
-5.301998080382185341e-01 9.938134322969219836e-01
-5.414960970253670514e-01 9.808009331746425641e-01
-5.429060970102396189e-01 9.722924654379381249e-01
-5.442892672703618651e-01 9.698527306481844468e-01
-5.490486996668449970e-01 9.646423579559126882e-01
-5.550625330525150725e-01 9.608784261064849952e-01
-5.625828631583891237e-01 9.476575593843241663e-01
-5.641858635263198307e-01 9.386681787720000392e-01
-5.657583617246705332e-01 9.360905460775004183e-01
-5.711692638271929079e-01 9.305856743764728822e-01
-5.780062689572136314e-01 9.266089987821830576e-01
-5.815370610341248359e-01 9.132971258528309599e-01
-5.833480773876427161e-01 9.038358839091665820e-01
-5.851246334072566224e-01 9.011229487675479488e-01
-5.912376901419860165e-01 8.953291209969393982e-01
-5.989619105147717670e-01 8.911437058330226035e-01
-5.982925160939039921e-01 8.778618802911357655e-01
-6.003273675489754213e-01 8.679383036847733157e-01
-6.023234994969309808e-01 8.650927977917574063e-01
-6.091921080367904695e-01 8.590158478450112822e-01
-6.178710142401077077e-01 8.546259074697550862e-01
-6.127930802448829928e-01 8.414983197540344406e-01
-6.150685154263644261e-01 8.311224006854309732e-01
-6.173006532317739659e-01 8.281471892242489030e-01
-6.249813482920784091e-01 8.217932360748404497e-01
-6.346863753900453542e-01 8.172031907860833888e-01
-6.249930189918833090e-01 8.043565969100240354e-01
-6.275268643316458395e-01 7.935387830501525741e-01
-6.300124952219364749e-01 7.904368618065479302e-01
-6.385654496383389445e-01 7.838123033466971590e-01
-6.493726296822206479e-01 7.790267749309636169e-01
-6.348573906947658774e-01 7.665899116742675989e-01
-6.376687259434408173e-01 7.553410956446982016e-01
-6.404265666164333792e-01 7.521155879904246611e-01
-6.499161837820163212e-01 7.452270945889607479e-01
-6.619068943906555313e-01 7.402509016677135678e-01
-6.423624250779039757e-01 7.283538906581055183e-01
-6.454717922311813405e-01 7.166853990630586146e-01
-6.485219938059016975e-01 7.133395528109095496e-01
-6.590176128985543169e-01 7.061940605967752527e-01
-6.722794683562159923e-01 7.010322137744721127e-01
-6.474959107824398430e-01 6.898059569375476485e-01
-6.509255643182398909e-01 6.777295389589638175e-01
-6.542899578105350056e-01 6.742667230924997979e-01
-6.658666984645249531e-01 6.668714269706573772e-01
-6.804946170149921425e-01 6.615291237894973531e-01
-6.502576053392380429e-01 6.511046926820651670e-01
-6.540318139117259344e-01 6.386325082491748351e-01
-6.577342061875918189e-01 6.350562095304430610e-01
-6.704739868568847516e-01 6.274185559372147392e-01
-6.865714774676813237e-01 6.219011756436537697e-01
-6.506596858418450813e-01 6.124091972136611606e-01
-6.548050985943483226e-01 5.995538047589663577e-01
-6.588716317125823396e-01 5.958676242176267346e-01
-6.728644061542369270e-01 5.879953036227646423e-01
-6.905451308888826967e-01 5.823084017510699040e-01
-6.487272653968325642e-01 5.738784430844995343e-01
-6.532733601447745508e-01 5.606527868984971796e-01
-6.577329510118052891e-01 5.568604362058907631e-01
-6.730782211202958054e-01 5.487613753689259966e-01
-6.924679066968274510e-01 5.429106781472242682e-01
-6.444990100045663306e-01 5.356706327692485337e-01
-6.494786461506152353e-01 5.220880299666270652e-01
-6.543635289146861878e-01 5.181933276984374004e-01
-6.711722110781440653e-01 5.098756816871047315e-01
-6.924110071241631470e-01 5.038670802715559116e-01
-6.380279042305709858e-01 4.979425585657144548e-01
-6.434780110754896310e-01 4.840166856761481395e-01
-6.488244123402109320e-01 4.800235534674195947e-01
-6.672211608226898960e-01 4.714956974461957939e-01
-6.904665756106926899e-01 4.653352419890980918e-01
-6.293822339842755076e-01 4.608489682843150970e-01
-6.353446760992446096e-01 4.465938474813581083e-01
-6.411936638294610802e-01 4.425063060777414958e-01
-6.613197918213729043e-01 4.337768268747644873e-01
-6.867503831942990411e-01 4.274707204325637333e-01
-6.186468843057809641e-01 4.245419392835219630e-01
-6.251695613924533879e-01 4.099719242654679685e-01
-6.315681238459708302e-01 4.057940894746707161e-01
-6.535853160241060777e-01 3.968717769355317171e-01
-6.814053824415688965e-01 3.904263692228693849e-01
-6.059250947736942727e-01 3.891702633746779716e-01
-6.130633564039535965e-01 3.743000249116029132e-01
-6.200657899513826177e-01 3.700361034591194698e-01
-6.441608779103369375e-01 3.609299415962333168e-01
-6.746064924977593913e-01 3.543517225923222824e-01
-5.913408841573484231e-01 3.548788450757152657e-01
-5.991593738857728946e-01 3.397233562372553028e-01
-6.068290920329008076e-01 3.353776415305511627e-01
-6.332202790572016848e-01 3.260967994770174738e-01
-6.665671549854073064e-01 3.193923928907828613e-01
-5.750424649218937034e-01 3.218081156394246301e-01
-5.836175599658981472e-01 3.063826367181642918e-01
-5.920294866111740495e-01 3.019595045235786146e-01
-6.209745827765795756e-01 2.925133273006420564e-01
-6.575484788150175453e-01 2.856894839012080189e-01
-5.572071447252469056e-01 2.900934652182858287e-01
-5.666302376354759307e-01 2.744135283639370093e-01
-5.758740262962074308e-01 2.699174324006569092e-01
-6.076815256956256128e-01 2.603154315080627446e-01
-6.478722429635606073e-01 2.533790223273001407e-01
-5.380485061574782346e-01 2.598646954547203514e-01
-5.484305026712996689e-01 2.439460890345639954e-01
-5.586149487512106493e-01 2.393815564901067838e-01
-5.936592119272292578e-01 2.296334003288271197e-01
-6.379397778240953887e-01 2.225914097428067229e-01
-5.178271617336840382e-01 2.312454947032417107e-01
-5.293047785483024903e-01 2.151042474045803954e-01
-5.405639972755232892e-01 2.104758743762994710e-01
-5.793065092528202342e-01 2.005913785132729388e-01
-6.282600382799277128e-01 1.934508972095908552e-01
-4.968672826070014148e-01 2.043529379997330586e-01
-5.096120841222759879e-01 1.880053026903616420e-01
-5.221143753394500431e-01 1.833177495575661065e-01
-5.651342490056379120e-01 1.733068668422538816e-01
-6.194924856500334531e-01 1.660750846803102643e-01
-4.755827734763653503e-01 1.792970137932881347e-01
-4.898145125865174254e-01 1.627594511562334700e-01
-5.037754476916047608e-01 1.580174378875811581e-01
-5.518144554262576218e-01 1.478902484302914155e-01
-6.125146743730791599e-01 1.405744472017113889e-01
-4.545202259428254288e-01 1.561801793481661371e-01
-4.705272071681378399e-01 1.394693413071745602e-01
-4.862296047729059989e-01 1.346776427080637606e-01
-5.402609138729086435e-01 1.244443437301348820e-01
-6.085327714114590059e-01 1.170518898266217356e-01
-4.344324937391852992e-01 1.350969466078190684e-01
-4.526039155771025002e-01 1.182296595602807671e-01
-4.704295684423493440e-01 1.133931004650258895e-01
-5.317669122107324675e-01 1.030639960310890391e-01
-6.092703905698741984e-01 9.560233302709211789e-02
-4.164114976851468475e-01 1.161335001901653563e-01
-4.372913574765082689e-01 9.912674806435850527e-02
-4.577739116671326602e-01 9.425019847799091799e-02
-5.282535444268534608e-01 8.383568912065038348e-02
-6.173088630428662515e-01 7.631233027831661742e-02
-4.021440755405282785e-01 9.936734905374955407e-02
-4.265265406143887716e-01 8.223825620746419429e-02
-4.504450519054931101e-01 7.732662640204995830e-02
-5.327476727733486683e-01 6.683719864942841427e-02
-6.367420586309977537e-01 5.925971935338422703e-02
-3.944475110530208939e-01 8.486701323871953528e-02
-4.235589919712632323e-01 6.763282721648085360e-02
-4.521165345714258654e-01 6.269106278689298706e-02
-5.503818727830459556e-01 5.213727860358662036e-02
-6.673467062362612445e-01 4.355391071443930756e-02
-3.985198336727133750e-01 7.269174694516532254e-02
-4.344033622234640957e-01 5.536982111141831864e-02
-4.696040927568967960e-01 5.040289799554198424e-02
-5.696874465812953314e-01 3.692076027232919083e-02
-5.829910463889438343e-01 2.488913848449964689e-02
-4.253344700920089760e-01 6.289129906491214284e-02
-4.699687397495190266e-01 4.507900343694630496e-02
-4.750236780469840880e-01 3.446564708969900720e-02
-4.098974003372998776e-01 1.903559887174707116e-02
-3.845615835558888751e-01 1.248144472882435282e-02
-3.718236720144632579e-01 3.997801785402212149e-02
-3.716425886905623255e-01 2.678277906932278671e-02
-2.558067007646234736e-01 1.617456856972190882e-02
-1.784974635512293351e-01 8.920647324964833119e-03
-1.734802699459461195e-01 5.956967161485378533e-03
-2.415811307963077748e-01 2.702287573043673716e-02
-1.394581295713778479e-01 1.693027678388402471e-02
1.235316871688135580e-02 7.666498733057927617e-03
3.329767335175509019e-02 4.408344881623856189e-03
3.056388697447290012e-02 3.295361583206818466e-03
-7.994381552493248777e-02 2.273131587779997700e-02
1.486837906683741162e-01 1.291498838012882650e-02
2.408207935478016148e-01 5.082767520347567305e-03
2.316749299352335589e-01 3.058703236401470738e-03
2.306205110083934251e-01 2.661060388441649320e-03
1.339384159586592959e-01 2.369735589783947619e-02
4.157818335637529783e-01 1.197416453810353811e-02
4.494331602636354450e-01 5.252355083474911229e-03
4.297966624206083219e-01 3.177580198820829319e-03
4.294328253639451143e-01 2.927068435838543758e-03
4.046879158635118268e-01 2.629017678559803298e-02
6.342530874727093648e-01 1.198986150210298689e-02
6.428679315069955047e-01 6.326503029388950289e-03
6.283556681282128631e-01 4.001998249696468897e-03
6.279893281896704593e-01 3.677763534268276881e-03
6.870022973427318824e-01 2.769014263724006719e-02
8.180348559595977953e-01 1.231286096809041351e-02
8.235479969090457875e-01 7.926715638247936249e-03
8.199691124172161505e-01 5.380576726315516173e-03
8.221307778099922192e-01 4.811304849237708556e-03
9.366562544353214115e-01 2.935121529995770445e-02
9.768848399108678304e-01 1.417242610316710172e-02
9.854904974587107569e-01 1.082487866970506009e-02
9.992909323278367228e-01 7.621720015458626797e-03
1.007817888449737964e+00 6.392987072319805675e-03
1.126686291769187109e+00 3.806883132580198698e-02
1.115678901065312534e+00 2.030820120676286866e-02
1.118839922318158653e+00 1.645335458986088226e-02
1.159611126044085783e+00 1.150527896364420509e-02
1.179880642063600993e+00 8.853389445639372329e-03
1.246914868826236145e+00 6.159752909533200427e-02
1.222578538773717804e+00 3.457513304937450543e-02
1.211753767233406442e+00 2.675213706761947127e-02
1.284498664187605943e+00 1.856695966200525710e-02
1.324392933349498813e+00 1.351315905559307556e-02
1.134467811509192847e+00 7.874968076574587195e-02
1.179612006119692635e+00 5.428925513373221434e-02
1.249979159365322889e+00 4.417264267359144458e-02
1.348697363570044550e+00 3.111217623359251172e-02
1.418557382590535099e+00 2.286478846064879389e-02
1.043535001506113336e+00 9.566308899368280994e-02
1.082194113741311359e+00 7.137736648937625938e-02
1.152535568506184438e+00 6.188210390082554690e-02
1.285280169160140762e+00 4.892270275810894908e-02
1.414023145351631872e+00 3.942089932150988352e-02
9.802084638018858653e-01 1.147944044717303380e-01
1.013852896442942741e+00 9.070783875908018656e-02
1.075069986021011115e+00 8.129044274554017568e-02
1.190595576675928857e+00 6.843731609199778243e-02
1.302638614915697657e+00 5.901343286909824237e-02
9.352875420034199028e-01 1.360659492114291158e-01
9.649245074773011854e-01 1.122027934203772559e-01
1.018849886145232864e+00 1.028727465013551251e-01
1.120614953136179981e+00 9.013883634601416173e-02
1.219312282686287663e+00 8.080236238839122453e-02
9.030309549012729420e-01 1.593913489806405848e-01
9.293810551921312113e-01 1.357756312862755110e-01
9.773258806289579770e-01 1.265423280281444685e-01
1.067804770030794215e+00 1.139404563391240299e-01
1.155556147086490570e+00 1.047007926846340309e-01
8.796555130657376376e-01 1.846758818283100179e-01
9.032525447085539838e-01 1.613313812565312644e-01
9.461880762797418853e-01 1.522041188129986677e-01
1.027213696397124343e+00 1.397469746068746854e-01
1.105796775710957691e+00 1.306134248136049114e-01
8.625556869355571754e-01 2.118168603006555795e-01
8.838065229594900263e-01 1.887670827847103827e-01
9.224730787717110303e-01 1.797550515353719680e-01
9.954425180179458099e-01 1.674551781004130491e-01
1.066212272368059821e+00 1.584369388787875144e-01
8.498702375035129819e-01 2.407040458089192703e-01
8.690925298207876626e-01 2.179722005209201730e-01
9.040680873888602420e-01 2.090844748173268375e-01
9.700720737656354231e-01 1.969542570834664219e-01
1.034086350841961988e+00 1.880604090359378477e-01
8.402283480159976614e-01 2.712200934792848295e-01
8.576752279308693661e-01 2.488290694605408970e-01
8.894203675205660797e-01 2.400745984890959028e-01
9.493280832711759043e-01 2.281262505573574406e-01
1.007429863566354333e+00 2.193657490350104933e-01
8.325941775928185073e-01 3.032410256927371983e-01
8.484709873533331503e-01 2.812133688064293868e-01
8.773593355591905452e-01 2.726009675773162777e-01
9.318758686470728358e-01 2.608465204212489508e-01
9.847489850435151570e-01 2.522281865065206796e-01
8.261680679637410929e-01 3.366367324070536626e-01
8.406440211042862654e-01 3.149946226364619961e-01
8.669834672048354340e-01 3.065329631076764705e-01
9.166898496751882952e-01 2.949842524591846371e-01
9.648978188386788668e-01 2.865167640837823493e-01
8.203217281558355944e-01 3.712714962451811318e-01
8.335382372840519638e-01 3.500367253603215434e-01
8.575860859086130716e-01 3.417343277057449114e-01
9.029678891841443900e-01 3.304029821375092935e-01
9.469816448461118030e-01 3.220948653444687393e-01
8.145545268742981904e-01 4.070045402344756313e-01
8.266312796919562667e-01 3.861984898496347296e-01
8.486053063292362530e-01 3.780637138799410879e-01
8.900735045698814352e-01 3.669611430964317966e-01
9.302916319550897928e-01 3.588207634551146552e-01
8.084633019527536213e-01 4.436905959899803964e-01
8.195027783295933954e-01 4.233342160342422611e-01
8.395894482837561457e-01 4.153752527792776150e-01
8.774959287574112254e-01 4.045126361281491389e-01
9.142597073900720073e-01 3.965481903108237782e-01
8.017210580609452908e-01 4.811804900525390449e-01
8.118119444134820339e-01 4.612942776749827112e-01
8.301726253723731297e-01 4.535191411360924296e-01
8.648219124786702405e-01 4.429074163515278051e-01
8.984266867821228963e-01 4.351269238800151151e-01
7.940616459067352251e-01 5.193217460193653157e-01
8.032814545924333860e-01 4.999257249501729006e-01
8.200571826965916689e-01 4.923422440307815284e-01
8.517154322353529539e-01 4.819920962201214021e-01
8.824193346656892256e-01 4.744033913908161093e-01
7.852685494628799390e-01 5.579592000410296126e-01
7.936856551737740961e-01 5.390729004292875715e-01
8.090008402978376978e-01 5.316887110518566661e-01
8.379028318763582783e-01 5.216105619366020463e-01
8.659335645415610072e-01 5.142212859320002272e-01
7.751665453759079005e-01 5.969356272049327616e-01
7.828417873776070124e-01 5.785780659534270898e-01
7.968071284539191002e-01 5.714006033707289545e-01
8.231617671284818805e-01 5.616046007927506523e-01
8.487219375813618294e-01 5.544221939874268701e-01
7.636154021721908158e-01 6.360923762814396643e-01
7.706033587131260187e-01 6.182820378982466503e-01
7.833181625589202834e-01 6.113185292066944942e-01
8.073128548004320226e-01 6.018145369102169129e-01
8.305842200895108274e-01 5.948462313789977252e-01
7.505050479967013688e-01 6.752700102750998079e-01
7.568550600318968424e-01 6.580248282612537469e-01
7.684091040464775535e-01 6.512822851238286859e-01
7.902132729221500451e-01 6.420798728234755615e-01
8.113601488071714440e-01 6.353326850593526975e-01
7.357518081156124712e-01 7.143089501999650981e-01
7.415088091184984798e-01 6.976462889919422539e-01
7.519838511515933854e-01 6.911315005780428455e-01
7.717517856670873533e-01 6.822399343229454960e-01
7.909238100669162552e-01 6.757206581720629490e-01
7.192954295121458674e-01 7.530501194849372748e-01
7.245006237038357222e-01 7.369867569701410437e-01
7.339716361148184154e-01 7.307062831194649499e-01
7.518448200642694479e-01 7.221345159631363808e-01
7.691792117030582521e-01 7.158497157839627256e-01
7.010966893943876288e-01 7.913355864125204420e-01
7.057881103308940585e-01 7.758876970353700830e-01
7.143242963555640479e-01 7.698478616527120177e-01
7.304333263541666899e-01 7.616045246380812594e-01
7.460567449742919743e-01 7.555605286916571295e-01
6.811354397236815128e-01 8.290092020021839758e-01
6.853484136106614555e-01 8.141923404778208528e-01
6.930140503768047466e-01 8.083992251654362748e-01
7.074802267543244261e-01 8.004926186341191352e-01
7.215103160519520387e-01 7.946955127120350904e-01
6.594089788963752863e-01 8.659172307678573155e-01
6.631765114166897623e-01 8.517463164198648684e-01
6.700316537888314494e-01 8.462057543538119564e-01
6.829683088474696184e-01 8.386438395883711872e-01
6.955149846897021870e-01 8.330994608848910632e-01
6.359306696332148734e-01 9.019089718076905848e-01
6.392837709073619923e-01 8.883982735456003033e-01
6.453848427623620765e-01 8.831158436022261693e-01
6.568984566001797587e-01 8.759062348098345385e-01
6.680649892116590216e-01 8.706201660443358969e-01
6.107287423648618541e-01 9.368373677231119911e-01
6.136967015253219637e-01 9.240004896748209573e-01
6.190969953489194877e-01 9.189815108133062571e-01
6.292881386714975767e-01 9.121314674588854032e-01
6.391720670247345026e-01 9.071090312545342371e-01
5.838452382426198017e-01 9.705595989131730050e-01
5.864558567147499790e-01 9.584094667267402112e-01
5.912059580633912681e-01 9.536589926333579603e-01
6.001700932053058990e-01 9.471754121299121865e-01
6.088640018951313460e-01 9.424216656542326875e-01
5.553350569127641911e-01 1.002937660848991053e+00
5.576148476614126714e-01 9.914865086776056824e-01
5.617629976976524775e-01 9.870093226770872974e-01
5.695911627797362042e-01 9.808987334405941949e-01
5.771833455564427950e-01 9.764184633133293767e-01
5.252650824488780401e-01 1.033838922001617755e+00
5.272394410308185453e-01 1.023098280184843833e+00
5.308318477585332040e-01 1.018898890423977077e+00
5.376112440341871412e-01 1.013167445299825387e+00
5.441862734441174076e-01 1.008965162773217239e+00
4.937133670924201412e-01 1.063136660174499371e+00
4.954067192480046122e-01 1.053117343628201086e+00
4.984878260599865940e-01 1.049199978536508260e+00
5.043023247037220491e-01 1.043853448604104006e+00
5.099415436005214630e-01 1.039933385020444634e+00
4.607683572394205562e-01 1.090710575078624345e+00
4.622042868877465627e-01 1.081422672405262686e+00
4.648170054568837584e-01 1.077791276437330081e+00
4.697475870639973849e-01 1.072835045199109549e+00
4.745295348594454898e-01 1.069201147730137968e+00
4.265281498107599267e-01 1.116447275084067048e+00
4.277295106257987256e-01 1.107900138414332547e+00
4.299154239213037743e-01 1.104558368078079500e+00
4.340405616291592161e-01 1.099997426038777704e+00
4.380413458651487013e-01 1.096653353711213086e+00
3.910997700290374524e-01 1.140240736185595960e+00
3.920887832282996532e-01 1.132442971761605133e+00
3.938883234452223436e-01 1.129394191936490932e+00
3.972843187122326869e-01 1.125233131578126766e+00
4.005779407175967255e-01 1.122182251589338042e+00
3.545984638963236568e-01 1.161992731331857209e+00
3.553968044376848434e-01 1.154952190841396886e+00
3.568494098347118060e-01 1.152199471390271235e+00
3.595906884161781947e-01 1.148442482547907817e+00
3.622493303602521975e-01 1.145687866875431560e+00
3.171470004708715762e-01 1.181613228386952041e+00
3.177758735036242399e-01 1.175337001057495057e+00
3.189201275081418041e-01 1.172883113735507132e+00
3.210795019678271411e-01 1.169533979378442279e+00
3.231737814585349255e-01 1.167078401686761913e+00
2.788749804860655157e-01 1.199020755119506676e+00
2.793551896211725061e-01 1.193515160579960543e+00
2.802289450491113887e-01 1.191362576243636395e+00
2.818778491802340636e-01 1.188424668666273831e+00
2.834770466183925697e-01 1.186270601513974565e+00
2.399181490229325420e-01 1.214142729747066607e+00
2.402701577610790173e-01 1.209413311664443436e+00
2.409106485871623238e-01 1.207564197783743465e+00
2.421193483391812229e-01 1.205040475209977702e+00
2.432916114868363400e-01 1.203190087560089383e+00
2.004177108999918577e-01 1.226915755702341571e+00
2.006616983737924687e-01 1.222967276199755204e+00
2.011056411562114066e-01 1.221423494675613952e+00
2.019434260380054691e-01 1.219316498280150096e+00
2.027559556517075923e-01 1.217771653316185532e+00
1.605196482279027115e-01 1.237285879431843538e+00
1.606755602683433148e-01 1.234122314293454759e+00
1.609592470657335017e-01 1.232885419583006570e+00
1.614946054935089692e-01 1.231197270932612220e+00
1.620138253863065980e-01 1.229959524182499431e+00
1.203740402274305343e-01 1.245208810186326343e+00
1.204616366480097955e-01 1.242833344854065381e+00
1.206210210544145095e-01 1.241904582405436663e+00
1.209218027122489353e-01 1.240636981322704724e+00
1.212135172198269689e-01 1.239707579092501621e+00
8.013438595575972379e-02 1.250650100915443153e+00
8.017328485598687604e-02 1.249065127281540066e+00
8.024406261244658445e-02 1.248445432279788880e+00
8.037763057813385181e-02 1.247599655131559571e+00
8.050717209878108238e-02 1.246979533250529792e+00
3.995693105042088383e-02 1.253585289535658509e+00
3.996665086962114533e-02 1.252792403534210397e+00
3.998433638237783999e-02 1.252482399959673920e+00
4.001771152845770563e-02 1.252059298371842155e+00
4.005008057108527114e-02 1.251749081250154383e+00
7.678535430653904863e-17 1.254000000000000004e+00
7.678535430653904863e-17 1.254000000000000004e+00
7.678535430653904863e-17 1.254000000000000004e+00
7.678535430653904863e-17 1.254000000000000004e+00
7.678535430653904863e-17 1.254000000000000004e+00
