-1.570796326794896558e+00 5.000000000000000278e-02
-1.570796326794896558e+00 1.000000000000000056e-01
-1.570796326794896558e+00 2.000000000000000111e-01
-1.570796326794896558e+00 5.000000000000000000e-01
-1.570796326794896558e+00 1.000000000000000000e+00
-1.539063067667726825e+00 5.000000000000000278e-02
-1.539063067667726825e+00 1.000000000000000056e-01
-1.539063067667726825e+00 2.000000000000000111e-01
-1.539063067667726825e+00 5.000000000000000000e-01
-1.539063067667726825e+00 1.000000000000000000e+00
-1.507329808540557314e+00 5.000000000000000278e-02
-1.507329808540557314e+00 1.000000000000000056e-01
-1.507329808540557314e+00 2.000000000000000111e-01
-1.507329808540557314e+00 5.000000000000000000e-01
-1.507329808540557314e+00 1.000000000000000000e+00
-1.475596549413387581e+00 5.000000000000000278e-02
-1.475596549413387581e+00 1.000000000000000056e-01
-1.475596549413387581e+00 2.000000000000000111e-01
-1.475596549413387581e+00 5.000000000000000000e-01
-1.475596549413387581e+00 1.000000000000000000e+00
-1.443863290286218071e+00 5.000000000000000278e-02
-1.443863290286218071e+00 1.000000000000000056e-01
-1.443863290286218071e+00 2.000000000000000111e-01
-1.443863290286218071e+00 5.000000000000000000e-01
-1.443863290286218071e+00 1.000000000000000000e+00
-1.412130031159048338e+00 5.000000000000000278e-02
-1.412130031159048338e+00 1.000000000000000056e-01
-1.412130031159048338e+00 2.000000000000000111e-01
-1.412130031159048338e+00 5.000000000000000000e-01
-1.412130031159048338e+00 1.000000000000000000e+00
-1.380396772031878827e+00 5.000000000000000278e-02
-1.380396772031878827e+00 1.000000000000000056e-01
-1.380396772031878827e+00 2.000000000000000111e-01
-1.380396772031878827e+00 5.000000000000000000e-01
-1.380396772031878827e+00 1.000000000000000000e+00
-1.348663512904709094e+00 5.000000000000000278e-02
-1.348663512904709094e+00 1.000000000000000056e-01
-1.348663512904709094e+00 2.000000000000000111e-01
-1.348663512904709094e+00 5.000000000000000000e-01
-1.348663512904709094e+00 1.000000000000000000e+00
-1.316930253777539583e+00 5.000000000000000278e-02
-1.316930253777539583e+00 1.000000000000000056e-01
-1.316930253777539583e+00 2.000000000000000111e-01
-1.316930253777539583e+00 5.000000000000000000e-01
-1.316930253777539583e+00 1.000000000000000000e+00
-1.285196994650369851e+00 5.000000000000000278e-02
-1.285196994650369851e+00 1.000000000000000056e-01
-1.285196994650369851e+00 2.000000000000000111e-01
-1.285196994650369851e+00 5.000000000000000000e-01
-1.285196994650369851e+00 1.000000000000000000e+00
-1.253463735523200340e+00 5.000000000000000278e-02
-1.253463735523200340e+00 1.000000000000000056e-01
-1.253463735523200340e+00 2.000000000000000111e-01
-1.253463735523200340e+00 5.000000000000000000e-01
-1.253463735523200340e+00 1.000000000000000000e+00
-1.221730476396030607e+00 5.000000000000000278e-02
-1.221730476396030607e+00 1.000000000000000056e-01
-1.221730476396030607e+00 2.000000000000000111e-01
-1.221730476396030607e+00 5.000000000000000000e-01
-1.221730476396030607e+00 1.000000000000000000e+00
-1.189997217268861096e+00 5.000000000000000278e-02
-1.189997217268861096e+00 1.000000000000000056e-01
-1.189997217268861096e+00 2.000000000000000111e-01
-1.189997217268861096e+00 5.000000000000000000e-01
-1.189997217268861096e+00 1.000000000000000000e+00
-1.158263958141691363e+00 5.000000000000000278e-02
-1.158263958141691363e+00 1.000000000000000056e-01
-1.158263958141691363e+00 2.000000000000000111e-01
-1.158263958141691363e+00 5.000000000000000000e-01
-1.158263958141691363e+00 1.000000000000000000e+00
-1.126530699014521630e+00 5.000000000000000278e-02
-1.126530699014521630e+00 1.000000000000000056e-01
-1.126530699014521630e+00 2.000000000000000111e-01
-1.126530699014521630e+00 5.000000000000000000e-01
-1.126530699014521630e+00 1.000000000000000000e+00
-1.094797439887352120e+00 5.000000000000000278e-02
-1.094797439887352120e+00 1.000000000000000056e-01
-1.094797439887352120e+00 2.000000000000000111e-01
-1.094797439887352120e+00 5.000000000000000000e-01
-1.094797439887352120e+00 1.000000000000000000e+00
-1.063064180760182609e+00 5.000000000000000278e-02
-1.063064180760182609e+00 1.000000000000000056e-01
-1.063064180760182609e+00 2.000000000000000111e-01
-1.063064180760182609e+00 5.000000000000000000e-01
-1.063064180760182609e+00 1.000000000000000000e+00
-1.031330921633012876e+00 5.000000000000000278e-02
-1.031330921633012876e+00 1.000000000000000056e-01
-1.031330921633012876e+00 2.000000000000000111e-01
-1.031330921633012876e+00 5.000000000000000000e-01
-1.031330921633012876e+00 1.000000000000000000e+00
-9.995976625058432541e-01 5.000000000000000278e-02
-9.995976625058432541e-01 1.000000000000000056e-01
-9.995976625058432541e-01 2.000000000000000111e-01
-9.995976625058432541e-01 5.000000000000000000e-01
-9.995976625058432541e-01 1.000000000000000000e+00
-9.678644033786736323e-01 5.000000000000000278e-02
-9.678644033786736323e-01 1.000000000000000056e-01
-9.678644033786736323e-01 2.000000000000000111e-01
-9.678644033786736323e-01 5.000000000000000000e-01
-9.678644033786736323e-01 1.000000000000000000e+00
-9.361311442515040104e-01 5.000000000000000278e-02
-9.361311442515040104e-01 1.000000000000000056e-01
-9.361311442515040104e-01 2.000000000000000111e-01
-9.361311442515040104e-01 5.000000000000000000e-01
-9.361311442515040104e-01 1.000000000000000000e+00
-9.043978851243343886e-01 5.000000000000000278e-02
-9.043978851243343886e-01 1.000000000000000056e-01
-9.043978851243343886e-01 2.000000000000000111e-01
-9.043978851243343886e-01 5.000000000000000000e-01
-9.043978851243343886e-01 1.000000000000000000e+00
-8.726646259971647668e-01 5.000000000000000278e-02
-8.726646259971647668e-01 1.000000000000000056e-01
-8.726646259971647668e-01 2.000000000000000111e-01
-8.726646259971647668e-01 5.000000000000000000e-01
-8.726646259971647668e-01 1.000000000000000000e+00
-8.409313668699951450e-01 5.000000000000000278e-02
-8.409313668699951450e-01 1.000000000000000056e-01
-8.409313668699951450e-01 2.000000000000000111e-01
-8.409313668699951450e-01 5.000000000000000000e-01
-8.409313668699951450e-01 1.000000000000000000e+00
-8.091981077428254121e-01 5.000000000000000278e-02
-8.091981077428254121e-01 1.000000000000000056e-01
-8.091981077428254121e-01 2.000000000000000111e-01
-8.091981077428254121e-01 5.000000000000000000e-01
-8.091981077428254121e-01 1.000000000000000000e+00
-7.774648486156557903e-01 5.000000000000000278e-02
-7.774648486156557903e-01 1.000000000000000056e-01
-7.774648486156557903e-01 2.000000000000000111e-01
-7.774648486156557903e-01 5.000000000000000000e-01
-7.774648486156557903e-01 1.000000000000000000e+00
-7.457315894884861684e-01 5.000000000000000278e-02
-7.457315894884861684e-01 1.000000000000000056e-01
-7.457315894884861684e-01 2.000000000000000111e-01
-7.457315894884861684e-01 5.000000000000000000e-01
-7.457315894884861684e-01 1.000000000000000000e+00
-7.139983303613165466e-01 5.000000000000000278e-02
-7.139983303613165466e-01 1.000000000000000056e-01
-7.139983303613165466e-01 2.000000000000000111e-01
-7.139983303613165466e-01 5.000000000000000000e-01
-7.139983303613165466e-01 1.000000000000000000e+00
-6.822650712341469248e-01 5.000000000000000278e-02
-6.822650712341469248e-01 1.000000000000000056e-01
-6.822650712341469248e-01 2.000000000000000111e-01
-6.822650712341469248e-01 5.000000000000000000e-01
-6.822650712341469248e-01 1.000000000000000000e+00
-6.505318121069773030e-01 5.000000000000000278e-02
-6.505318121069773030e-01 1.000000000000000056e-01
-6.505318121069773030e-01 2.000000000000000111e-01
-6.505318121069773030e-01 5.000000000000000000e-01
-6.505318121069773030e-01 1.000000000000000000e+00
-6.187985529798076811e-01 5.000000000000000278e-02
-6.187985529798076811e-01 1.000000000000000056e-01
-6.187985529798076811e-01 2.000000000000000111e-01
-6.187985529798076811e-01 5.000000000000000000e-01
-6.187985529798076811e-01 1.000000000000000000e+00
-5.870652938526380593e-01 5.000000000000000278e-02
-5.870652938526380593e-01 1.000000000000000056e-01
-5.870652938526380593e-01 2.000000000000000111e-01
-5.870652938526380593e-01 5.000000000000000000e-01
-5.870652938526380593e-01 1.000000000000000000e+00
-5.553320347254684375e-01 5.000000000000000278e-02
-5.553320347254684375e-01 1.000000000000000056e-01
-5.553320347254684375e-01 2.000000000000000111e-01
-5.553320347254684375e-01 5.000000000000000000e-01
-5.553320347254684375e-01 1.000000000000000000e+00
-5.235987755982987046e-01 5.000000000000000278e-02
-5.235987755982987046e-01 1.000000000000000056e-01
-5.235987755982987046e-01 2.000000000000000111e-01
-5.235987755982987046e-01 5.000000000000000000e-01
-5.235987755982987046e-01 1.000000000000000000e+00
-4.918655164711291938e-01 5.000000000000000278e-02
-4.918655164711291938e-01 1.000000000000000056e-01
-4.918655164711291938e-01 2.000000000000000111e-01
-4.918655164711291938e-01 5.000000000000000000e-01
-4.918655164711291938e-01 1.000000000000000000e+00
-4.601322573439594610e-01 5.000000000000000278e-02
-4.601322573439594610e-01 1.000000000000000056e-01
-4.601322573439594610e-01 2.000000000000000111e-01
-4.601322573439594610e-01 5.000000000000000000e-01
-4.601322573439594610e-01 1.000000000000000000e+00
-4.283989982167899502e-01 5.000000000000000278e-02
-4.283989982167899502e-01 1.000000000000000056e-01
-4.283989982167899502e-01 2.000000000000000111e-01
-4.283989982167899502e-01 5.000000000000000000e-01
-4.283989982167899502e-01 1.000000000000000000e+00
-3.966657390896202173e-01 5.000000000000000278e-02
-3.966657390896202173e-01 1.000000000000000056e-01
-3.966657390896202173e-01 2.000000000000000111e-01
-3.966657390896202173e-01 5.000000000000000000e-01
-3.966657390896202173e-01 1.000000000000000000e+00
-3.649324799624507065e-01 5.000000000000000278e-02
-3.649324799624507065e-01 1.000000000000000056e-01
-3.649324799624507065e-01 2.000000000000000111e-01
-3.649324799624507065e-01 5.000000000000000000e-01
-3.649324799624507065e-01 1.000000000000000000e+00
-3.331992208352809737e-01 5.000000000000000278e-02
-3.331992208352809737e-01 1.000000000000000056e-01
-3.331992208352809737e-01 2.000000000000000111e-01
-3.331992208352809737e-01 5.000000000000000000e-01
-3.331992208352809737e-01 1.000000000000000000e+00
-3.014659617081114629e-01 5.000000000000000278e-02
-3.014659617081114629e-01 1.000000000000000056e-01
-3.014659617081114629e-01 2.000000000000000111e-01
-3.014659617081114629e-01 5.000000000000000000e-01
-3.014659617081114629e-01 1.000000000000000000e+00
-2.697327025809417300e-01 5.000000000000000278e-02
-2.697327025809417300e-01 1.000000000000000056e-01
-2.697327025809417300e-01 2.000000000000000111e-01
-2.697327025809417300e-01 5.000000000000000000e-01
-2.697327025809417300e-01 1.000000000000000000e+00
-2.379994434537722192e-01 5.000000000000000278e-02
-2.379994434537722192e-01 1.000000000000000056e-01
-2.379994434537722192e-01 2.000000000000000111e-01
-2.379994434537722192e-01 5.000000000000000000e-01
-2.379994434537722192e-01 1.000000000000000000e+00
-2.062661843266024864e-01 5.000000000000000278e-02
-2.062661843266024864e-01 1.000000000000000056e-01
-2.062661843266024864e-01 2.000000000000000111e-01
-2.062661843266024864e-01 5.000000000000000000e-01
-2.062661843266024864e-01 1.000000000000000000e+00
-1.745329251994329756e-01 5.000000000000000278e-02
-1.745329251994329756e-01 1.000000000000000056e-01
-1.745329251994329756e-01 2.000000000000000111e-01
-1.745329251994329756e-01 5.000000000000000000e-01
-1.745329251994329756e-01 1.000000000000000000e+00
-1.427996660722632427e-01 5.000000000000000278e-02
-1.427996660722632427e-01 1.000000000000000056e-01
-1.427996660722632427e-01 2.000000000000000111e-01
-1.427996660722632427e-01 5.000000000000000000e-01
-1.427996660722632427e-01 1.000000000000000000e+00
-1.110664069450937319e-01 5.000000000000000278e-02
-1.110664069450937319e-01 1.000000000000000056e-01
-1.110664069450937319e-01 2.000000000000000111e-01
-1.110664069450937319e-01 5.000000000000000000e-01
-1.110664069450937319e-01 1.000000000000000000e+00
-7.933314781792399906e-02 5.000000000000000278e-02
-7.933314781792399906e-02 1.000000000000000056e-01
-7.933314781792399906e-02 2.000000000000000111e-01
-7.933314781792399906e-02 5.000000000000000000e-01
-7.933314781792399906e-02 1.000000000000000000e+00
-4.759988869075426621e-02 5.000000000000000278e-02
-4.759988869075426621e-02 1.000000000000000056e-01
-4.759988869075426621e-02 2.000000000000000111e-01
-4.759988869075426621e-02 5.000000000000000000e-01
-4.759988869075426621e-02 1.000000000000000000e+00
-1.586662956358475540e-02 5.000000000000000278e-02
-1.586662956358475540e-02 1.000000000000000056e-01
-1.586662956358475540e-02 2.000000000000000111e-01
-1.586662956358475540e-02 5.000000000000000000e-01
-1.586662956358475540e-02 1.000000000000000000e+00
1.586662956358497745e-02 5.000000000000000278e-02
1.586662956358497745e-02 1.000000000000000056e-01
1.586662956358497745e-02 2.000000000000000111e-01
1.586662956358497745e-02 5.000000000000000000e-01
1.586662956358497745e-02 1.000000000000000000e+00
4.759988869075448825e-02 5.000000000000000278e-02
4.759988869075448825e-02 1.000000000000000056e-01
4.759988869075448825e-02 2.000000000000000111e-01
4.759988869075448825e-02 5.000000000000000000e-01
4.759988869075448825e-02 1.000000000000000000e+00
7.933314781792422110e-02 5.000000000000000278e-02
7.933314781792422110e-02 1.000000000000000056e-01
7.933314781792422110e-02 2.000000000000000111e-01
7.933314781792422110e-02 5.000000000000000000e-01
7.933314781792422110e-02 1.000000000000000000e+00
1.110664069450937319e-01 5.000000000000000278e-02
1.110664069450937319e-01 1.000000000000000056e-01
1.110664069450937319e-01 2.000000000000000111e-01
1.110664069450937319e-01 5.000000000000000000e-01
1.110664069450937319e-01 1.000000000000000000e+00
1.427996660722634648e-01 5.000000000000000278e-02
1.427996660722634648e-01 1.000000000000000056e-01
1.427996660722634648e-01 2.000000000000000111e-01
1.427996660722634648e-01 5.000000000000000000e-01
1.427996660722634648e-01 1.000000000000000000e+00
1.745329251994329756e-01 5.000000000000000278e-02
1.745329251994329756e-01 1.000000000000000056e-01
1.745329251994329756e-01 2.000000000000000111e-01
1.745329251994329756e-01 5.000000000000000000e-01
1.745329251994329756e-01 1.000000000000000000e+00
2.062661843266027084e-01 5.000000000000000278e-02
2.062661843266027084e-01 1.000000000000000056e-01
2.062661843266027084e-01 2.000000000000000111e-01
2.062661843266027084e-01 5.000000000000000000e-01
2.062661843266027084e-01 1.000000000000000000e+00
2.379994434537722192e-01 5.000000000000000278e-02
2.379994434537722192e-01 1.000000000000000056e-01
2.379994434537722192e-01 2.000000000000000111e-01
2.379994434537722192e-01 5.000000000000000000e-01
2.379994434537722192e-01 1.000000000000000000e+00
2.697327025809419521e-01 5.000000000000000278e-02
2.697327025809419521e-01 1.000000000000000056e-01
2.697327025809419521e-01 2.000000000000000111e-01
2.697327025809419521e-01 5.000000000000000000e-01
2.697327025809419521e-01 1.000000000000000000e+00
3.014659617081114629e-01 5.000000000000000278e-02
3.014659617081114629e-01 1.000000000000000056e-01
3.014659617081114629e-01 2.000000000000000111e-01
3.014659617081114629e-01 5.000000000000000000e-01
3.014659617081114629e-01 1.000000000000000000e+00
3.331992208352811957e-01 5.000000000000000278e-02
3.331992208352811957e-01 1.000000000000000056e-01
3.331992208352811957e-01 2.000000000000000111e-01
3.331992208352811957e-01 5.000000000000000000e-01
3.331992208352811957e-01 1.000000000000000000e+00
3.649324799624507065e-01 5.000000000000000278e-02
3.649324799624507065e-01 1.000000000000000056e-01
3.649324799624507065e-01 2.000000000000000111e-01
3.649324799624507065e-01 5.000000000000000000e-01
3.649324799624507065e-01 1.000000000000000000e+00
3.966657390896204394e-01 5.000000000000000278e-02
3.966657390896204394e-01 1.000000000000000056e-01
3.966657390896204394e-01 2.000000000000000111e-01
3.966657390896204394e-01 5.000000000000000000e-01
3.966657390896204394e-01 1.000000000000000000e+00
4.283989982167899502e-01 5.000000000000000278e-02
4.283989982167899502e-01 1.000000000000000056e-01
4.283989982167899502e-01 2.000000000000000111e-01
4.283989982167899502e-01 5.000000000000000000e-01
4.283989982167899502e-01 1.000000000000000000e+00
4.601322573439596830e-01 5.000000000000000278e-02
4.601322573439596830e-01 1.000000000000000056e-01
4.601322573439596830e-01 2.000000000000000111e-01
4.601322573439596830e-01 5.000000000000000000e-01
4.601322573439596830e-01 1.000000000000000000e+00
4.918655164711291938e-01 5.000000000000000278e-02
4.918655164711291938e-01 1.000000000000000056e-01
4.918655164711291938e-01 2.000000000000000111e-01
4.918655164711291938e-01 5.000000000000000000e-01
4.918655164711291938e-01 1.000000000000000000e+00
5.235987755982991487e-01 5.000000000000000278e-02
5.235987755982991487e-01 1.000000000000000056e-01
5.235987755982991487e-01 2.000000000000000111e-01
5.235987755982991487e-01 5.000000000000000000e-01
5.235987755982991487e-01 1.000000000000000000e+00
5.553320347254686595e-01 5.000000000000000278e-02
5.553320347254686595e-01 1.000000000000000056e-01
5.553320347254686595e-01 2.000000000000000111e-01
5.553320347254686595e-01 5.000000000000000000e-01
5.553320347254686595e-01 1.000000000000000000e+00
5.870652938526381703e-01 5.000000000000000278e-02
5.870652938526381703e-01 1.000000000000000056e-01
5.870652938526381703e-01 2.000000000000000111e-01
5.870652938526381703e-01 5.000000000000000000e-01
5.870652938526381703e-01 1.000000000000000000e+00
6.187985529798076811e-01 5.000000000000000278e-02
6.187985529798076811e-01 1.000000000000000056e-01
6.187985529798076811e-01 2.000000000000000111e-01
6.187985529798076811e-01 5.000000000000000000e-01
6.187985529798076811e-01 1.000000000000000000e+00
6.505318121069776360e-01 5.000000000000000278e-02
6.505318121069776360e-01 1.000000000000000056e-01
6.505318121069776360e-01 2.000000000000000111e-01
6.505318121069776360e-01 5.000000000000000000e-01
6.505318121069776360e-01 1.000000000000000000e+00
6.822650712341471468e-01 5.000000000000000278e-02
6.822650712341471468e-01 1.000000000000000056e-01
6.822650712341471468e-01 2.000000000000000111e-01
6.822650712341471468e-01 5.000000000000000000e-01
6.822650712341471468e-01 1.000000000000000000e+00
7.139983303613166576e-01 5.000000000000000278e-02
7.139983303613166576e-01 1.000000000000000056e-01
7.139983303613166576e-01 2.000000000000000111e-01
7.139983303613166576e-01 5.000000000000000000e-01
7.139983303613166576e-01 1.000000000000000000e+00
7.457315894884861684e-01 5.000000000000000278e-02
7.457315894884861684e-01 1.000000000000000056e-01
7.457315894884861684e-01 2.000000000000000111e-01
7.457315894884861684e-01 5.000000000000000000e-01
7.457315894884861684e-01 1.000000000000000000e+00
7.774648486156561233e-01 5.000000000000000278e-02
7.774648486156561233e-01 1.000000000000000056e-01
7.774648486156561233e-01 2.000000000000000111e-01
7.774648486156561233e-01 5.000000000000000000e-01
7.774648486156561233e-01 1.000000000000000000e+00
8.091981077428256341e-01 5.000000000000000278e-02
8.091981077428256341e-01 1.000000000000000056e-01
8.091981077428256341e-01 2.000000000000000111e-01
8.091981077428256341e-01 5.000000000000000000e-01
8.091981077428256341e-01 1.000000000000000000e+00
8.409313668699951450e-01 5.000000000000000278e-02
8.409313668699951450e-01 1.000000000000000056e-01
8.409313668699951450e-01 2.000000000000000111e-01
8.409313668699951450e-01 5.000000000000000000e-01
8.409313668699951450e-01 1.000000000000000000e+00
8.726646259971646558e-01 5.000000000000000278e-02
8.726646259971646558e-01 1.000000000000000056e-01
8.726646259971646558e-01 2.000000000000000111e-01
8.726646259971646558e-01 5.000000000000000000e-01
8.726646259971646558e-01 1.000000000000000000e+00
9.043978851243346107e-01 5.000000000000000278e-02
9.043978851243346107e-01 1.000000000000000056e-01
9.043978851243346107e-01 2.000000000000000111e-01
9.043978851243346107e-01 5.000000000000000000e-01
9.043978851243346107e-01 1.000000000000000000e+00
9.361311442515041215e-01 5.000000000000000278e-02
9.361311442515041215e-01 1.000000000000000056e-01
9.361311442515041215e-01 2.000000000000000111e-01
9.361311442515041215e-01 5.000000000000000000e-01
9.361311442515041215e-01 1.000000000000000000e+00
9.678644033786736323e-01 5.000000000000000278e-02
9.678644033786736323e-01 1.000000000000000056e-01
9.678644033786736323e-01 2.000000000000000111e-01
9.678644033786736323e-01 5.000000000000000000e-01
9.678644033786736323e-01 1.000000000000000000e+00
9.995976625058435872e-01 5.000000000000000278e-02
9.995976625058435872e-01 1.000000000000000056e-01
9.995976625058435872e-01 2.000000000000000111e-01
9.995976625058435872e-01 5.000000000000000000e-01
9.995976625058435872e-01 1.000000000000000000e+00
1.031330921633013098e+00 5.000000000000000278e-02
1.031330921633013098e+00 1.000000000000000056e-01
1.031330921633013098e+00 2.000000000000000111e-01
1.031330921633013098e+00 5.000000000000000000e-01
1.031330921633013098e+00 1.000000000000000000e+00
1.063064180760182609e+00 5.000000000000000278e-02
1.063064180760182609e+00 1.000000000000000056e-01
1.063064180760182609e+00 2.000000000000000111e-01
1.063064180760182609e+00 5.000000000000000000e-01
1.063064180760182609e+00 1.000000000000000000e+00
1.094797439887352120e+00 5.000000000000000278e-02
1.094797439887352120e+00 1.000000000000000056e-01
1.094797439887352120e+00 2.000000000000000111e-01
1.094797439887352120e+00 5.000000000000000000e-01
1.094797439887352120e+00 1.000000000000000000e+00
1.126530699014522074e+00 5.000000000000000278e-02
1.126530699014522074e+00 1.000000000000000056e-01
1.126530699014522074e+00 2.000000000000000111e-01
1.126530699014522074e+00 5.000000000000000000e-01
1.126530699014522074e+00 1.000000000000000000e+00
1.158263958141691585e+00 5.000000000000000278e-02
1.158263958141691585e+00 1.000000000000000056e-01
1.158263958141691585e+00 2.000000000000000111e-01
1.158263958141691585e+00 5.000000000000000000e-01
1.158263958141691585e+00 1.000000000000000000e+00
1.189997217268861096e+00 5.000000000000000278e-02
1.189997217268861096e+00 1.000000000000000056e-01
1.189997217268861096e+00 2.000000000000000111e-01
1.189997217268861096e+00 5.000000000000000000e-01
1.189997217268861096e+00 1.000000000000000000e+00
1.221730476396030607e+00 5.000000000000000278e-02
1.221730476396030607e+00 1.000000000000000056e-01
1.221730476396030607e+00 2.000000000000000111e-01
1.221730476396030607e+00 5.000000000000000000e-01
1.221730476396030607e+00 1.000000000000000000e+00
1.253463735523200562e+00 5.000000000000000278e-02
1.253463735523200562e+00 1.000000000000000056e-01
1.253463735523200562e+00 2.000000000000000111e-01
1.253463735523200562e+00 5.000000000000000000e-01
1.253463735523200562e+00 1.000000000000000000e+00
1.285196994650370073e+00 5.000000000000000278e-02
1.285196994650370073e+00 1.000000000000000056e-01
1.285196994650370073e+00 2.000000000000000111e-01
1.285196994650370073e+00 5.000000000000000000e-01
1.285196994650370073e+00 1.000000000000000000e+00
1.316930253777539583e+00 5.000000000000000278e-02
1.316930253777539583e+00 1.000000000000000056e-01
1.316930253777539583e+00 2.000000000000000111e-01
1.316930253777539583e+00 5.000000000000000000e-01
1.316930253777539583e+00 1.000000000000000000e+00
1.348663512904709094e+00 5.000000000000000278e-02
1.348663512904709094e+00 1.000000000000000056e-01
1.348663512904709094e+00 2.000000000000000111e-01
1.348663512904709094e+00 5.000000000000000000e-01
1.348663512904709094e+00 1.000000000000000000e+00
1.380396772031879049e+00 5.000000000000000278e-02
1.380396772031879049e+00 1.000000000000000056e-01
1.380396772031879049e+00 2.000000000000000111e-01
1.380396772031879049e+00 5.000000000000000000e-01
1.380396772031879049e+00 1.000000000000000000e+00
1.412130031159048560e+00 5.000000000000000278e-02
1.412130031159048560e+00 1.000000000000000056e-01
1.412130031159048560e+00 2.000000000000000111e-01
1.412130031159048560e+00 5.000000000000000000e-01
1.412130031159048560e+00 1.000000000000000000e+00
1.443863290286218071e+00 5.000000000000000278e-02
1.443863290286218071e+00 1.000000000000000056e-01
1.443863290286218071e+00 2.000000000000000111e-01
1.443863290286218071e+00 5.000000000000000000e-01
1.443863290286218071e+00 1.000000000000000000e+00
1.475596549413388026e+00 5.000000000000000278e-02
1.475596549413388026e+00 1.000000000000000056e-01
1.475596549413388026e+00 2.000000000000000111e-01
1.475596549413388026e+00 5.000000000000000000e-01
1.475596549413388026e+00 1.000000000000000000e+00
1.507329808540557536e+00 5.000000000000000278e-02
1.507329808540557536e+00 1.000000000000000056e-01
1.507329808540557536e+00 2.000000000000000111e-01
1.507329808540557536e+00 5.000000000000000000e-01
1.507329808540557536e+00 1.000000000000000000e+00
1.539063067667727047e+00 5.000000000000000278e-02
1.539063067667727047e+00 1.000000000000000056e-01
1.539063067667727047e+00 2.000000000000000111e-01
1.539063067667727047e+00 5.000000000000000000e-01
1.539063067667727047e+00 1.000000000000000000e+00
1.570796326794896558e+00 5.000000000000000278e-02
1.570796326794896558e+00 1.000000000000000056e-01
1.570796326794896558e+00 2.000000000000000111e-01
1.570796326794896558e+00 5.000000000000000000e-01
1.570796326794896558e+00 1.000000000000000000e+00
