2.209092408830952148e-01
4.595940452886370098e-01
6.733691182683354537e-01
8.682862263407461478e-01
1.045160732018545646e+00
1.208065815013179778e+00
1.361998917416604726e+00
1.510840332729111557e+00
1.656883875731672173e+00
1.801233940373229148e+00
1.944336594110132266e+00
2.086341503230229488e+00
2.227278070366358609e+00
2.367115880547933759e+00
2.505768423150862123e+00
2.643068867071931116e+00
2.778725136916068816e+00
2.912249530037418044e+00
3.042850166309507554e+00
3.169263194917822268e+00
3.289492788686483760e+00
3.400407408168755197e+00
3.497110686532863166e+00
3.571953368343140145e+00
3.612953246381030770e+00
3.601165282345322627e+00
3.505920336113659719e+00
3.274674408050138652e+00
2.803950056255988699e+00
1.787873612664225398e+00
