1.895230331591086781e-01
3.974625607434866259e-01
6.204201083373088732e-01
8.393512241198324286e-01
1.037967264220585051e+00
1.225675274745579024e+00
1.406950407603607678e+00
1.580404432500408296e+00
1.745733334894549849e+00
1.903698559879137830e+00
2.054702323226012428e+00
2.199128666465399728e+00
2.339358691490547759e+00
2.480684870601542080e+00
2.625940588727229574e+00
2.772622547179615538e+00
2.915565150961216823e+00
3.046882987698473322e+00
3.161301494460211359e+00
3.259402439029464027e+00
3.342615928778659207e+00
3.412683236072652448e+00
3.467392622254051648e+00
3.496623774118355676e+00
3.487423112534791869e+00
3.421309792449149345e+00
3.265238395078257749e+00
2.955265413983453993e+00
2.436914625047532201e+00
1.781464759118539520e+00
