3.264469069604206464e+00
6.618781244587981227e+00
9.509007022638318318e+00
1.207500880164470836e+01
1.435765918232695171e+01
1.643019845298884007e+01
1.836999694633607660e+01
2.023414284753307868e+01
2.205566509432152245e+01
2.385039445501195132e+01
2.562481825651262213e+01
2.738122866407601563e+01
2.912019843822276144e+01
3.084144535453210878e+01
3.254392034972284620e+01
3.422552042415913576e+01
3.588253167176144132e+01
3.750874767028016521e+01
3.909410588494131389e+01
4.062257934750363830e+01
4.206891239464788157e+01
4.339355837257267723e+01
4.453480256019233963e+01
4.539640794149224945e+01
4.582788250216635362e+01
4.559166110080722945e+01
4.430369082776019951e+01
4.130663936009396053e+01
3.530631028390734372e+01
2.247315153429820356e+01
