2.994166678118218794e+00
6.082473813468393331e+00
9.043891405696955488e+00
1.181577652456907401e+01
1.428701124068289907e+01
1.657769150454442197e+01
1.875702288939394435e+01
2.083515864297647724e+01
2.282416209426975229e+01
2.473797095279962122e+01
2.658249848261350223e+01
2.836216714669856387e+01
3.009746649232299376e+01
3.183362744697917890e+01
3.359467572442910210e+01
3.535837322387889969e+01
3.707909916757296287e+01
3.868717995052832492e+01
4.013394744561616534e+01
4.141885631827778269e+01
4.254576318237513277e+01
4.351660186534203234e+01
4.429531852174519457e+01
4.476643069899739658e+01
4.476267998040707852e+01
4.404724276020996854e+01
4.220822763304407488e+01
3.847191857221753963e+01
3.197017873321861714e+01
2.212585695462166058e+01
