1.600000000000000311e-01
1.800000000000000211e-01
2.000000000000000111e-01
2.200000000000000289e-01
2.400000000000000189e-01
2.600000000000000089e-01
2.800000000000000266e-01
3.000000000000000444e-01
3.200000000000000067e-01
3.399999999999999689e-01
3.599999999999999867e-01
3.800000000000000044e-01
4.000000000000000222e-01
4.200000000000000400e-01
4.400000000000000022e-01
4.600000000000000200e-01
4.800000000000000377e-01
5.000000000000000000e-01
5.200000000000000178e-01
5.400000000000000355e-01
5.600000000000000533e-01
5.800000000000000711e-01
5.999999999999999778e-01
6.199999999999999956e-01
6.400000000000001243e-01
6.600000000000000311e-01
6.800000000000000488e-01
7.000000000000000666e-01
7.200000000000000844e-01
7.399999999999999911e-01
