1.000000000000000000e+00
8.536100387573242188e-03
1.372038364410400391e+00
8.371293088096846802e+00
8.115412231418676470e+01
3.264575414249857488e+01
3.264575414249857488e+01
7.553792397742772891e-02
1.000000000000000000e+00
8.547306060791015625e-03
1.224982261657714844e+00
4.518406201821304791e+01
5.311873654077988505e+01
5.324278730476884647e+01
5.324278730476884647e+01
7.553792397742772891e-02
1.000000000000000000e+00
8.650302886962890625e-03
1.129557132720947266e+00
2.833261544496740214e+01
8.552374781941435344e+01
1.710050931447444000e+01
1.710050931447444000e+01
7.553792397742772891e-02
1.300000000000000000e+01
8.718729019165039062e-03
8.129172325134277344e-01
4.499490374479094612e+01
5.297509026724729608e+01
5.386540758787422334e+01
5.386540758787422334e+01
7.553792397742772891e-02
1.000000000000000000e+00
8.702278137207031250e-03
1.518052816390991211e+00
1.228935295098849423e+01
3.364554946082466103e+01
1.654677965900816616e+02
1.654677965900816616e+02
2.266137719322831867e-01
1.000000000000000000e+00
8.848428726196289062e-03
1.300079584121704102e+00
4.704970664556402937e+01
1.102445498439126510e+02
6.008470098741562992e+01
6.008470098741562992e+01
2.266137719322831867e-01
1.000000000000000000e+00
8.544921875000000000e-03
1.327688932418823242e+00
2.007618041488893468e+01
3.236398057439661358e+01
1.381432730834872586e+02
1.381432730834872586e+02
2.266137719322831867e-01
1.000000000000000000e+00
9.409904479980468750e-03
1.297655820846557617e+00
6.265242995296533834e+00
6.367394918977949203e+01
4.231921781026510843e+01
4.231921781026510843e+01
2.266137719322831867e-01
1.000000000000000000e+00
8.483171463012695312e-03
1.691697597503662109e+00
1.137587233742564941e+01
6.627520692350964282e+01
2.200050026924914093e+01
2.200050026924914093e+01
3.021516959097109156e-01
3.200000000000000000e+01
8.638858795166015625e-03
1.545038533210754395e+01
4.223097134552914866e+01
4.792742142567645658e+01
5.503992691577583685e+01
5.503992691577583685e+01
3.021516959097109156e-01
1.000000000000000000e+00
8.729219436645507812e-03
1.648916959762573242e+00
4.198783987136386742e+01
7.722380177903386311e+01
2.354607408146445380e+01
2.354607408146445380e+01
3.021516959097109156e-01
3.200000000000000000e+01
8.439302444458007812e-03
5.190602064132690430e+00
5.568159372809518004e+01
5.239125009400801503e+01
5.930748005577439841e+01
5.930748005577439841e+01
3.021516959097109156e-01
3.200000000000000000e+01
8.740901947021484375e-03
2.160208463668823242e+00
2.245417475545520603e+01
7.337222489335603370e+01
3.511845338984468867e+01
3.511845338984468867e+01
9.064550877291327469e-01
1.000000000000000000e+00
8.719682693481445312e-03
1.785038471221923828e+00
5.165031787721115109e+01
1.645740538707008227e+02
4.563074322553981688e+01
4.563074322553981688e+01
9.064550877291327469e-01
3.200000000000000000e+01
8.906126022338867188e-03
2.264363050460815430e+00
1.878226609329769303e+01
3.604428592293829325e+01
3.790782138942811486e+01
3.790782138942811486e+01
9.064550877291327469e-01
1.000000000000000000e+00
8.784294128417968750e-03
2.687563657760620117e+00
4.647718615904775419e+00
1.132193808910184458e+02
2.717581224885784863e+01
2.717581224885784863e+01
9.064550877291327469e-01
1.300000000000000000e+01
8.788824081420898438e-03
1.015994548797607422e-01
2.580758153810298836e+02
1.041541352348674081e+03
2.785450454296444178e+01
2.785450454296444178e+01
1.904864705942781733e-01
1.300000000000000000e+01
8.613109588623046875e-03
9.886431694030761719e-02
1.323219231238271277e+04
9.398486109688679790e+03
3.703440892432535492e+01
3.703440892432535492e+01
1.904864705942781733e-01
1.300000000000000000e+01
8.987665176391601562e-03
2.621667385101318359e-01
3.097811536028347632e+02
1.044404238544779219e+03
2.906139071801803198e+01
2.906139071801803198e+01
1.904864705942781733e-01
1.300000000000000000e+01
8.423566818237304688e-03
2.643363475799560547e-01
1.374255780176440021e+04
9.427500206906528547e+03
3.843111313082621194e+01
3.843111313082621194e+01
1.904864705942781733e-01
1.000000000000000000e+00
8.613348007202148438e-03
6.947112083435058594e-01
8.683283865828309578e-01
3.852581937661775413e+01
2.757289254344506091e+01
2.757289254344506091e+01
2.862392690565395137e-01
1.000000000000000000e+00
8.818387985229492188e-03
6.979291439056396484e-01
1.896593552470750979e+02
9.828719157037275522e+01
2.549068247051903313e+01
2.549068247051903313e+01
2.862392690565395137e-01
1.000000000000000000e+00
8.570909500122070312e-03
6.963262557983398438e-01
1.920999905099996496e+01
1.228301188018500412e+01
2.773816924454541777e+01
2.773816924454541777e+01
2.862392690565395137e-01
1.000000000000000000e+00
8.698701858520507812e-03
7.764124870300292969e-01
9.308578456434923964e+01
1.577504289884378608e+01
3.281233403644397839e+01
3.281233403644397839e+01
2.862392690565395137e-01
1.000000000000000000e+00
8.785963058471679688e-03
7.259864807128906250e-01
5.273328028498441711e+01
8.625730384777037330e+01
2.339516866757909597e+01
2.339516866757909597e+01
3.491056643220782352e-01
3.200000000000000000e+01
8.593797683715820312e-03
1.846008896827697754e+01
1.056787254374645180e+01
2.987523953941470367e+01
3.650494634129725569e+01
3.650494634129725569e+01
3.491056643220782352e-01
1.000000000000000000e+00
8.534193038940429688e-03
1.465732097625732422e+00
7.406264460855098264e+01
7.570163803575734107e+01
2.934258712583793738e+01
2.934258712583793738e+01
3.491056643220782352e-01
3.200000000000000000e+01
8.667469024658203125e-03
1.830252027511596680e+01
4.902279245406073294e+00
2.458327533405336496e+01
3.762242145289364714e+01
3.762242145289364714e+01
3.491056643220782352e-01
4.100000000000000000e+01
9.542226791381835938e-03
3.166534900665283203e-01
7.856451124967665578e+01
9.967266657703956412e+01
4.481385774638123820e+01
4.481385774638123820e+01
9.231684264481075930e-01
1.000000000000000000e+00
8.392095565795898438e-03
1.666683912277221680e+00
1.305306801121512024e+02
1.521448359327295634e+02
3.286628273122841648e+01
3.286628273122841648e+01
9.231684264481075930e-01
3.200000000000000000e+01
9.251117706298828125e-03
2.594224691390991211e+00
9.054958021310969940e+00
3.711759069533672317e+01
2.698302441305991906e+01
2.698302441305991906e+01
9.231684264481075930e-01
3.200000000000000000e+01
9.996891021728515625e-03
1.663142490386962891e+01
5.673772400742669220e+01
1.204175535965677426e+02
2.985632239776858654e+01
2.985632239776858654e+01
9.231684264481075930e-01
